Reading data...
label: K3
[ 8  4  7 12  3 13 13 13 13 13 13  3  3  8  4  7 12 12 13 13 13 13  0  0  0
  8 11  7 12 12 13 13 13  0 12  9  7 12 13 13 13 13 13 13  0 13  4  7  3 13
 13 13 13 13  4  3  3 13 13 13 13 13  3 13  7 12  3 12 13 12 16 11 13 13 13
  0  9 11 16 12 13 13 13 13 13 13  0 12 12 12 12  8  4  3 13 12 12 13 13 13
 14 13  8 11  7  3 12 13 13 13 13  9 13  8 11  7  3 16  9 12 12  9 11 12 12
 12 12 12 12 13  4  7 12 12 13 13 13 12 13 12 12 12 13 13 13 13 13  5  4 12
 13 13 13 13 13 13  0  3  9 11 16 12 13 13  0  5  8  4  7 12 12 12 13 13 13
  0 13  0  8 11 16  3 13 13  3 13 18 12 12  4 16 12 12 13 13 13  1  3  8  4
  7  3  3 13 13 13 13  0  5  8 14  7  3  3 18 13 13 13  0  5  8  4  3 18 18
 12 12 13  0  5 14 12  3  3 13 13 13 13  8  4  7 12 13 13 13 13  8  7 13  3
  3 13 13 13 13  9  8  4  3  3  3 13 13 13  8 11  3 13 13 13 13 16 16 13 13
 13 13 13  5  4  7  3 13 13 13 13 17  1  1  1  1  1  1  1  5  5  3 13 13 13
 11 16 13 13 13 13  9  8  8  4  7 12 12 13 13 13 13 13 11  7 13 13 13 13 13
 13  8  8 13  7  3  3  3  3 13 13 13 13 13 13  0  3  4 12  3  3  3  3  3  3
 13 13 13  0  0  5  5  5  8  4  7  3  3  3 13 13 13 13 13  3  3  9  7  3  3
  3 13 13 13 13 13  3  3  3  8 14 12  3  3  3 13 13  7 12 13  3 13  3  8 14
  7  3  3  0  3 13  0  8 13 13  7  3  3  3 13 13 13 13 13  0  5  0  7  8  4
  7 16 16 12 16 13  3 13  8 11  3 12  3 13 13 13  3  3  5  3  3  8  8 14  7
  3  3 13 12 12 12 12 13 14 12  3  3  3 13 13 13 13 13 13 13  8  4  7  3  3
 13 13 13 13 13 13  3  4  3  3 12 12 13 13 13 13 13  8 11 12 12 12 13  8  4
  6  3  3 12 13 13 13 13  0 13  5  5  0  9  7  3  3 13 13 13 13 13 13  0  3
  9 11  6 12  3  3 13 13 13 18  5  8 13  8 14  0  3  3  3 13  0  8 13  8  4
 12 16 12 12  3  3 18  1  1  1  1  1  3 13  3 13 13 13  3 11 13 13 13 13 13
 13 13 13 13  8  4 12  3  3  3  3  3  3 13 13 13 13 13 13  0  0  0  5  8 14
  7  7 13 13 13 13  0  5 15 16 13  1  8  4 12 12 12 12  3  3  3  7  3 12 18
 18 13  2  2  2  2  2  2  2  2  2  2  2  2 14  3 13 13 13 11 12  3 12  3 18
 13 13 13  3  9 14  3  3 18 13 18 18 13 12  1  1  3 18 13 13 18 18 13 14 12
 13  3  3 13 13 13 18  0  8  4 18 18 18 18 18 18 18  2 11  2  2  2  2  2  2
  2  2 11  2  2  2  2  2  2  2  2  2  2  2  2  2  2  2  2  2  2  2  2]
phase
count
phases_stroke_K3
label: K2
[ 4  6  3  6  6  6  6  7  7  7  9  4 16  3  3  6  6  6  6 13  7 12  3  3 12
  6 12  8  4 16 12  7  6  6  6  6  7  9  9 15 12  3 12 12  6  6  7 16 12 12
  9  6  3  6 12  9  9 16  6  6  6  6  7 12  9 16  7 12  7  6  7  8 13 13 11
  7  3  3  3  6 12 12  6 18  0  5 10  9  7  9  7  7 12  7 12  9 12  9  4  7
  6  6  6  7  6  6 10  4  3  7  3  9 11 16 16  9  4  7 12  7 12  7  6  7  9
  9  9  7 12  3  3  3  6  3  9  9  3 12  6  6  6  7  3 13  9  7 12 12  3  6
  6 12 12  6  7 12  8  9  7 12  6  6  6  8  8 14  7 12  7 12  6  6  6  6  6
  4  7  3  3  6 18 12 18 18 18 13  8  7  7  6  7  6  6  9  7  7  3 12  6 11
  9 11  7  3  3  6 18  6 18 10  9 11 16 16  3  6 12 12  6  6  8  4  7  3 12
  6  3 12  4  7  3  3  6  6  6  6 12  9 11  7  3  3 12  6 12  9 15 12  3  3
 12  3 12  4  3 12  6  6  9  4  3  3  6  6  8 11  7 12  3 12 12  7  8  4  7
  3  3 12 18 18 18  0 18  0  9 12  9  4 16  3  8  4  3  3  3  6  3  8 11 16
  3  3  6  3  6  8  8 14  7  3  3  6  6  6  6  6  5  3  8 13  3 12  3  3 12
  3  6  6  5  0  0  0 13  7  6  3  6  3  3  3 12  3 12  7  3  5  3  4 12  3
  3  3 18 18 12 12  8  4  7  3 12  6  6  6  6  6  8  9 11  7  3  3  3  6 12
  6  6  6 12  8  4  6  7  3  3  6  6  8  8 13  7  3  3  3  6  3  3  6  3  6
  6  6 13  9 10 10  6 16 18 18 18 18 12  9 16  6 12  7  6  6 12  8 11  7  3
  3  7  7 12  6  6  6 13 13  3  3  6  6  6 12  6  6  0  0 13  7  3  3  3  3
  3 12 12  9 11  7  3  3  3  6 18  6  6  6  6  9  7  3  3  3 12 12 12 12  6
  6  6 13  8 11  6  6  6  6  6 10  6 12 12 12  6  6  7  8  9  3  3  3 16  3
  3 12 12  6  9  4  7  3  3  6 18 18 18 18 18  8  4  6 12  6  6 12  6  6  6
  6  6  3  3 18 18 18 18  8  8 14  7  6  3  3 12 18  6 18 18  7  3  3  3 18
  6  6  6 18  6  8  8 13  7  3  3  3  3 12  6  6 18  6  6  6  0  6  1  5  0
  6  6  6  6  6  6  6  6  6  6  9  8  8  8 11  6  3  3  3 12 12 18 12  9 11
 16  7  7 12 12 18 18  2  2  2  2  2  2  2  2  2  2  2  9  9  9 11 16 12 12
 12 12  4  6 10 10  6 18  4  3 10 18 10  7  7 18 17 17 17 18  9 12  8  4 16
  6 16  6 18 18 18 18 12  8  4  7 12  6  6  6 18 18 18  9  4 18 12  3 18 18
 18 18 18 18 10  2  2  2  2  2  2  2  2  2  2  2  2  2  2  2  2  2  2  2  2]
phase
count
phases_stroke_K2
label: K1
[11  7 13 ...,  2  2  2]
phase
count
phases_stroke_K1
label: P2
[ 4  3  3  3 12 12 12 12 12  0  0  0  0  0  1  1  8  9  7  3  3 12 12 12 13
 13  0  5  0  0  1  1  1  1  8  7  6  3  3  3 18 12 12 12 12 13 13 13  5 13
  1  1  1  1  1 17 17 17  9 15  8 11  7 12  3 12 13 13 13 13  0  0  0  0  1
  1  1  1 17  9  7  8  4  6  3 12 12 12 12 12 13 13 13 13  0  1  1  0  1  1
  1  1 10  7  9  7  7 12 12 12 12 12 12 12 12 13 13  0  0  0  1  1  1  1  1
 17 17  9  7  7  3  3  5  3  3 12 12 12 12 13 13 13 13  1  1  1  1  1  1  1
  1 12 12 12  7 12 12 12 12 12 13 13  5  0  0  1  1  1  1  9  7  8  4  3  3
  3 18 12 12 12 13 13 13  0  0  0  1  1  1  1 13  7  7  3  3  3  3 13 13 13
 13 13  0  0  0  0  1  1  1 17  8 14  7  7  3  3 12 13 13 13 13 13 13 13  0
  0  1  1  1  1 15  1  8 11  7 12 12 12 12 13 13 13 13 13  0  0  0  0  1  1
  8  9  7 12 12 12 12 12 13 13 13 13  0  0  1  1  1  1  4  7  7 15 12 15 12
 12 13 13 13 13  0  0  1  1  1  1  1  1 10  9  7  7  3  3 15 15 12 12 12 13
 13  5  0  0  0  1  1  1  1  7  9  4  7  3  3  3  3 12 13 12 12 13  0  0  5
  0  0  1  1  1  1  1  9  9 11  3  3  3  3 12 12 12 18  0 18  1  1  1  1  1
  1 17 17 12 12 13 16  7 18  6 18  3 18 13 13 13  1 13 15  1  1  4  7  7 12
 12 12 12 12 12 18 13 18 18  5  5  1  1  1  1 15  9 16  9  4  7 12 12 12 12
 12 12 12 18 13 18  5  1  1  1  1  1  1  1  1 10  7  8 14  7  6  3  3  3 18
 12 18 13 18 13  0  5  1  1  1  1  1  1 17  8  7 12  3  3  3  3 12  0 13  0
  0  5  1  0  1  1  1  8  4  7 12  6  3  3  3 12 12 12 13 18  5  1  1  1  1
  1  1 17  8  8  4 18 12  3 12 12 12 12 12 18  5  5  1  1  1  1 11  6  6  6
  3 12  3 18  0 18 13  8 13  1  1  1  1  1  1  1  9  9 11  7 12  3  3 12 12
 18 13 18 18 13 18 18 18 18  1  1  1 17  1  1  9  7  7  3  3 12 12 12 13 13
  0  0  1  1  1  1  1  1  1 10  4  7  7  6  3  3 12 12 13 13 13 18 18  5  5
  1  1  1 15  1 10 10 16 10  6  7  6  6  3  3 12 12 12 12 13 13  0  0  5  0
  0  1  1  1  4  7  3  3 15 12 12 12 12 13 13 13 13 13  1  1  1  1  1 15 17
 17  4  3 12 12 18 18  0  5  5  0  1  1  1  1  1  9  7  7  6  6  6  3 12 12
 13 13 13 18  0  0  0  0  5  0  1  1  1  1  1  8  9  7  6  6  6  3  3 12  3
 12 12 12  0  3 13  5  5  0  1  0  0  1  1  1  1  1  1  8 14  7  6  6  6  3
  3 12 12  3 13  0 13  0  0  0  0  1  1  1  1  1 17  9 11  7 12  3 12 18 18
 18 18  0  5  1  1  1  1  1 17 16  1 10  9 15  8 14  7 12 12  3 12 12 12 12
 12 13 13 13 13 13  0  1  0  1  1  1  1  1  1 15 10  8  9 11  7 12  7  3  6
 18 12 18 12 18 18 18 18 18 18  1  1  1  1  1 17  1 10 10  9  9 14  7  7  3
  0  3  3 12 12 12 12 13 13 13  5  1  1  1  1  1  1  1  1  1  1 10  9  4  7
 12  3  3 12  3  3 12 12 13 13 13 13 13  5  0  0  0  1  1  1  1  3  6  3  3
  6 12 12 12 13 13  0  5  5  1  0  1  1  1  1 15  8 13  7  7  3  3  3 12 12
 18 13  0  5  0  0  0  1  1  1  1  1  8 13 11  6  3  3  3 12 13 13  3 13 13
  5  5  0  1  1  1  1  1 17  7  8 14  3  3  3  3 12 12 12  3  3 12  3 13  3
 13  0  0  1  1  1  1  1  9  7 12 12 12 12 12 12 13 13  0  0  1  1  1  1  1
 16 17 17]
phase
count
phases_stroke_P2
label: P1
[ 8 11  7 12  3  3 13 13 13 13 13 13  4  7  3  0  3  3 13 13 13 13 13 13 12
  8  8 11  3  3  3  3  1  1 16 13 13 13 13  0  5  5  0  8  4  7  3 13 13 13
 13 13  0  0  8 11  7 13  3 13 13 13 13 13 13  0  8  8  4  7  7  0 12  3 13
 13 13 13 13 13 13  8 14  7  7  3  3 13 13 16 13 13 13 16 13  0  8 11  7 12
 12 13 13 15 13 13 13 13 14  3  3 13 16 13 13 16 13 13  0  8 14  7  7  3  3
  3 13 13 13 13 13 13  0  8 14  7  7 12  3  3 16 13 16 13 13 16 14 11  7 12
  3 13 13 13 13 13 13 13  0 12 13 14 14  9 13 13 13 13 13 13 13  9 11  7  1
 13 15 13 13 13 13  1  0  8  4  9  9 13 13 15 15 15 15 13 13 12  9 11  7  3
  3 13 13 13 12  9 11  7 12 18  1 13 13 13 13 13  8 11  7 18 13 18 13  1 13
 13  1  5 14 11  7  8 12 12  1 13 13 18 13 13 13 18  5 16  7  7 12  3 18 13
 13 13 13 13  1  1  9 12 14  4  7  3  3 13 13 13 13 13 13 13 18 18 12  8  8
  7  7  3  3 13 13 13 13 13 13 13  0  8  8 11  7 12  3  3 13 13 13 13 13 14
 11  7 13  3 13 13 13 13 13 13 13 16  7  3 13 13 13 13 13 13  1  1  1 18 18
 18  9 18  6  6  0  5  5  5  0 18 18 18 18 13 13  0 13 13 13 13 18 13  1  5
  5 13  7  8  8  8  8 13 13 13 13 13 13 11  7 14 13 13 13 13 13  8  8 14 14
  7 13  3  3 13 13 13 13 13 13  0  1  8  4  7  3  3 12 13 13  5  5 13 13 13
 13  3 10  4  6  0  3 13 13 13 13 13 13 13  0  5  5  5  9 12 16 13 13 13 13
 13 13 13 13  5  5  0  9  6  5  5  5  5  5  5  5  5  5  5  5  5  5  5  5  5
  5  5  5  5  5  5  5  5  5  5  5  5  5  5  5  5  5  5  5  5  5  5  5  5  5
  5  5  5  5  5  5  0  5  5  5  0  0  0  1 13  0  0  5  5  5  5  8  8 14  7
  7  8  6  6 15  1  1  5  3  0  1 13 13 13 13 13  5  8  9 11  3 12  3 13  0
  5  5  1  1  5  5  5  5  5  5  5  5  0  0  0  5  5  5  5  5  5  5  5  5  5
  5  5  5  5  5  5  5  5  5  5  5  5  5  5  6  6  3  3  0  3 13 13 13 13 13
 13 13  0  0 18 12  8  4 11 12 12 12 18 18 13 13 13 13 13  1  5 18 18 10  4
 11  7  8  6  8 13 13 13 13 13 13 13 13 13 13  1  1  1  1  9  9  9  4  7 12
  3  1 13 13 13 13 13  0  0  0  6  6  8 14  7  7  7 15 15  1 13 13 13 13 13
  0  5  5  5  5 12 14  7 12 12 12 13 13 13 13 13 13  0  1  0  8  8 11  7  3
  3  1 13 13 13 13 13 13  5  0  8  9  7  3  3  3 13 13 13 13 13 13 12  8 11
  7  3  3  3 13 13 13 13 13 13  0  0  0]
phase
count
phases_stroke_P1
label: R1
[7 8 4 ..., 5 5 3]
phase
count
phases_stroke_R1
label: R2
[10  7 12 ..., 12 12 13]
phase
count
phases_stroke_R2
label: i1
[16 13  0  1  1  3 13 13 14  7 13  3 13 13  5  0  8  8 14  7  5  3  5  0  3
 13 13 13  8  9  7  3  3  3  5  3 13 13  8  4  7  3  3  3  5 13 13  9  9  9
  7  8  3  3  3  0 13  0  1 14 12  3  3  3 13 13  0  0  0  0 15 13  8 11  3
  3  3  0  3  5  5  5  0 13  8  4  7  3  3  3  3  3  3  0  9  7  3  3  3  3
 13  3 13  0  0  5  8  9  7  3  3  3  3  3  5 13  0  5  8 14  7 15  3 13 13
  3 13  0  0  5  8 13 14  3  3  3  3  3 13 13 13 13  9  8  9  7 13  3  3 13
  3 13  0  0  8  8  7  3  3  3  3  3 13 13  0 13 13  7  3  3  3 12 13 13 13
 13 13 13 13  8 11  3  3  3  3  3 13 13  4  3  3  3  5  3  5  5  8  4  3  3
  3 13  3 13 13  8  4 12  3  3  3 13 11  3  3  3  3  3  0  3  9  8  4  7 12
  3  3 13 13  8  4  7  3  3 13  3 13 13 13 16  7  9  8  8 11  7 12  3  3 13
 13 13 13 11  7  3  3  3 13  0 13 11  3  6  3  5  1 13 13 13 13  9  8  4  7
  3  3 13 13 13 13  9  8  4  7  8  3  3  0 13 13 13 13 14  9  3  3  3 18 13
 13  0  0 18  5 14  3  3  3  3  0  3 13  3  3  8  4  7  3  3  3  3  5  8  8
  7  3  3  3  3  3  5  5  0  3  9  8 14  7  3  5  3  3  3 13  0  0  8 13 14
  7 13  3 13 13 13 13 13  8  8 14  7  8  7  3 13 13 13 13 13 13 13 14  7  8
  3 13 13 13 13 11  7 12 18 18 13 13 13 13 13 13  5  9 13  9  7  3  3 13 13
 13 13 13 13 13 14  3  3  3  3  5  0  0  9  9 14  7  3  3  3  5  5 13 13 14
 12  3  3 13 13 13  0  0  1 15  9  7  7  3  3  3 13  1 10 10  9  7  7  7  3
  3  3 13 13 13 18  8 14  7  3  3  3  1  5 13 13 13 16  9 11  7  3  3  1 13
 13 13 10 12  8  4  7  3  3  3 13  0 13  3 14  7  7  3  5  3  1 13 13  8  4
  7 12  3  3 13 13 13  0  5  5  8  7  7  3  3  3  3  1 13 14  7  7  3  3  1
 13 13  8  8 14  7  3  3  3  3  1 13 13 13 18  9  7  3  3  3  3 13 10  8 11
  7  7  3  3  1 13 13 13 13  8 11  7  3  3 15 13 13 13 13 13 13 14  7  7  3
  3 13  1 13 13 13 10 16 14  7  7  3  3 13 13 13  9 11  7  3  3 15 15 13 13
  9 13 14  3  3 18 18 18 13 13 13  3 18  8  4  7  7  3  3 13 13 13 13 13  8
  9  7  3  3  3 13 18  9  9 11 13  3  3  3  3 13 13 13 13 10 18  9 11  7  7
  3  3 15 13  1 13 13 13  0 16  6  8  8  7  7  3  3  3  3  3 13 13 15  3  0
  5 18 18  3 13  3 13 13 13  8 14  7  3  3 18 13 13 13  8 14  7  3  3  3 13
 13 13 13 13  1 10 16  4  7  7  7  3  3 16 13 13 13 10 10  9  7  7  3  3  3
 13 13 13 13 10 10 18 11  6  3  3 18 18 13 13 13 13 13 13 10 14  7  3  3 13
 13 13 13 13  0  0  0 14  7  7  3  3  3 13 13 13 13 13 13  8 14  7  8  3  3
 13 13 13 10  8  4  7 13  7  3 13 13 13 13 13 10 10 14  7 12  3  3  3  3 13
 13 13 13 13 13 10  8  7  6  6  6  3  3 13 13 13 13  8  8  9 11  7  6  5  3
 13 13 13 13 11 /usr/lib/pymodules/python2.7/matplotlib/pyplot.py:412: RuntimeWarning: More than 20 figures have been opened. Figures created through the pyplot interface (`matplotlib.pyplot.figure`) are retained until explicitly closed and may consume too much memory. (To control this warning, see the rcParam `figure.max_num_figures`).
  max_open_warning, RuntimeWarning)
 7  7  3  3 13 13 13  0  1 14  7  3 13 13 18 13 13 11  7  7
  6  8  8 16 13 13 13 13 13  7  3  3  3 18 13 13 13 10  8  9  7 13  3  3  3
  3  1 13 13  9  7  7  3  3  3  3 13 13 13 13 13  8  8 11  7  7  3  3 18 13
 13 13  3  8  8 14  7  3  3  3  3  3 13 13 13  8 13  7  7  7  3  3  3  3 13
 13 13]
phase
count
phases_stroke_i1
label: i2
[16 15  8 11  7  6  3  3  9  9 12  9  7  3 15  3  9 15  3  3  8 11  7  3  3
 18  9  9  7  3 15 15  9 11  7  3 15 15  8  9  3  3  3  3  9  4  7  3  3  3
  9  9  4  7 15 15  9  9  7  7  3 15 13  7  7  5  3  3  4  7  3  3 15 15  9
 11  4 16  7 15  9  9 11  3 15 15  4  8  4  7 15 15  9 13  7  3  5  3  3  3
  1 14  7  7  3  5 15  9  9  7  3  9  9  7  3  3  3  3 16  9  9  8  4  7  3
  3  3  7  7  8 11  3  3  3 15  9  9 11  7 15 15  9  4  7 15 15  7  8  4  7
 12  6  3  3  9  9  7  9 11  7  5  5  5  3  0  3  4  7 15  3  3  4  7  3  3
  3  7  9  7  6  6  5  5  5 16 16  8 14  7  7  3  3  9  7  7  3  3  8 14  7
  3 14  8  9  7  3  5  3  3  9  6  6  0 13 14  7  6  5  3  3 13 15 15 18  7
 12 15 15 10  3  5  5  0 13 15 15  9  9  9 11  7  3 15 13  9  9  4  7  7  6
  5 15  9  7  0  8 14  7  3  3  9  9  7  7  5  5 15  5  9  9  9 11  9  7  7
  7  3 15 11  9  9 11  7  3  8  4  7 15  3 15  4  7  7  3  9  9  9  7  7 12
 12  3  3  3 13 15  9  4  7  7  3 15 16  9  4  7  7  3 15 15 15  9  9  9 11
  7  3 15 16  9  9 11  7  3 15 15 15  9 11  7  3 15 15 15 13  9  9 11  7  7
 15 15  4  7  7 15 15 15  9  9 11  7  7 15 15 15  9 11  7  7  3 15  9 11  7
  7 15 15  9  4  7 15 15 16  4  7  7  3 15 15 16  9  9  4  7  7 15 15  9  4
  7  7  3 15 15 15  9  9 11  7  7 15 15 15  9  9 11  7  3  3 15 15 13  4  7
  7  6  6  3  4  7  7  3  3 16 16  9 11  4  9 16 16  9 11 16  7  6 16 16 16
  9  9  4  7  3  3 15 16 13 16  9  7  7  3  4  7  7 15 15 15 15 13  9  9  7
  7  3 15 15 15 16  9  4  7  3 15 15 16  9 14  7  7  3  3 15 15 16  8 11  7
  3  3 15 15 13  9  9  9 11  7  7  9  9  9  7  7  3  5  0 15  1  4  7  7 15
  9  9 11  7  7  3 15 15 16  9  9  4  7 15 15 15 11  7  3 15  9  7  3 15 15
 15  9 11  7  3 15 15  8 14  7  3  3  3  9  9 11  7  7 15 15 15]
phase
count
phases_stroke_i2
label: O
[ 0 12  8 ...,  1  1  1]
phase
count
phases_stroke_O
label: S
[ 7  8 14 ..., 10 10 10]
phase
count
phases_stroke_S
label: a
[ 8 14  7 ..., 13 13 13]
phase
count
phases_stroke_a
label: c
[ 9  8  9 ..., 13 12 12]
phase
count
phases_stroke_c
label: e
[14  9  8 ..., 12 12  6]
phase
count
phases_stroke_e
label: h
[ 9  4  7 ...,  0 13 13]
phase
count
phases_stroke_h
label: l
[14  7  8 ..., 13  3 13]
phase
count
phases_stroke_l
label: o
[ 9 10 16 ..., 17 17  6]
phase
count
phases_stroke_o
label: n
[13 13  8 ..., 13 13 13]
phase
count
phases_stroke_n
label: p
[14  7 13 ...,  1  1 10]
phase
count
phases_stroke_p
label: s
[ 8  8 14 ..., 10 10 15]
phase
count
phases_stroke_s
label: r
[13 15  8 ...,  3  3  3]
phase
count
phases_stroke_r
label: u
[ 8  4  6 ...,  5 10 17]
phase
count
phases_stroke_u
label: z
[ 8  8 11 ...,  2  2  2]
phase
count
phases_stroke_z
