1871	87.3609	
1871.08	-21.8346	
1871.17	-5.52632	
1871.25	75.7368	
1871.33	105.82	
1871.42	437.85	
1871.5	54.3684	
1871.58	-631.038	
1871.67	133.902	
1871.75	-411.759	
1871.83	12.3383	
1871.92	-52.9549	
1872	-33.6391	
1872.08	-53.8346	
1872.17	-77.5263	
1872.25	-23.2632	
1872.33	-92.1805	
1872.42	249.85	
1872.5	189.368	
1872.58	26.9624	
1872.67	176.902	
1872.75	5.2406	
1872.83	-35.6617	
1872.92	71.0451	
1873	-72.6391	
1873.08	6.16541	
1873.17	-0.526316	
1873.25	-20.2632	
1873.33	-102.18	
1873.42	-512.15	
1873.5	-78.6316	
1873.58	-283.038	
1873.67	-46.0977	
1873.75	-172.759	
1873.83	-196.662	
1873.92	-29.9549	
1874	-23.6391	
1874.08	29.1654	
1874.17	-43.5263	
1874.25	-94.2632	
1874.33	152.82	
1874.42	636.85	
1874.5	346.368	
1874.58	-90.0376	
1874.67	359.902	
1874.75	153.241	
1874.83	-124.662	
1874.92	-79.9549	
1875	-10.6391	
1875.08	-14.8346	
1875.17	-19.5263	
1875.25	-31.2632	
1875.33	-24.1805	
1875.42	284.85	
1875.5	355.368	
1875.58	-238.038	
1875.67	402.902	
1875.75	-213.759	
1875.83	-248.662	
1875.92	-48.9549	
1876	-100.639	
1876.08	-107.835	
1876.17	9.47368	
1876.25	-98.2632	
1876.33	-104.18	
1876.42	-409.15	
1876.5	244.368	
1876.58	-469.038	
1876.67	-82.0977	
1876.75	-315.759	
1876.83	-216.662	
1876.92	-94.9549	
1877	182.361	
1877.08	106.165	
1877.17	89.4737	
1877.25	89.7368	
1877.33	143.82	
1877.42	-218.15	
1877.5	-1159.63	
1877.58	-856.038	
1877.67	-219.098	
1877.75	298.241	
1877.83	-122.662	
1877.92	245.045	
1878	-1.6391	
1878.08	-37.8346	
1878.17	-48.5263	
1878.25	97.7368	
1878.33	134.82	
1878.42	-338.15	
1878.5	216.368	
1878.58	968.962	
1878.67	421.902	
1878.75	18.2406	
1878.83	-38.6617	
1878.92	20.0451	
1879	-87.6391	
1879.08	-21.8346	
1879.17	-70.5263	
1879.25	-181.263	
1879.33	346.82	
1879.42	258.85	
1879.5	-482.632	
1879.58	795.962	
1879.67	-86.0977	
1879.75	86.2406	
1879.83	-106.662	
1879.92	-48.9549	
1880	-70.6391	
1880.08	36.1654	
1880.17	0.473684	
1880.25	-52.2632	
1880.33	-34.1805	
1880.42	233.85	
1880.5	-5.63158	
1880.58	-657.038	
1880.67	138.902	
1880.75	97.2406	
1880.83	216.338	
1880.92	-8.95489	
1881	-96.6391	
1881.08	-96.8346	
1881.17	180.474	
1881.25	-26.2632	
1881.33	0.819549	
1881.42	-35.1504	
1881.5	203.368	
1881.58	220.962	
1881.67	-268.098	
1881.75	-286.759	
1881.83	35.3383	
1881.92	-57.9549	
1882	-9.6391	
1882.08	-34.8346	
1882.17	-60.5263	
1882.25	-75.2632	
1882.33	65.8195	
1882.42	487.85	
1882.5	587.368	
1882.58	-522.038	
1882.67	-16.0977	
1882.75	-40.7594	
1882.83	284.338	
1882.92	-58.9549	
1883	69.3609	
1883.08	-92.8346	
1883.17	38.4737	
1883.25	-98.2632	
1883.33	90.8195	
1883.42	400.85	
1883.5	-33.6316	
1883.58	-546.038	
1883.67	178.902	
1883.75	50.2406	
1883.83	-29.6617	
1883.92	35.0451	
1884	-38.6391	
1884.08	-54.8346	
1884.17	-68.5263	
1884.25	-60.2632	
1884.33	-147.18	
1884.42	-49.1504	
1884.5	200.368	
1884.58	0.962406	
1884.67	683.902	
1884.75	87.2406	
1884.83	-41.6617	
1884.92	185.045	
1885	-13.6391	
1885.08	-29.8346	
1885.17	-14.5263	
1885.25	-63.2632	
1885.33	-2.18045	
1885.42	297.85	
1885.5	5.36842	
1885.58	54.9624	
1885.67	-375.098	
1885.75	-42.7594	
1885.83	9.33835	
1885.92	382.045	
1886	-60.6391	
1886.08	-116.835	
1886.17	71.4737	
1886.25	-139.263	
1886.33	181.82	
1886.42	334.85	
1886.5	435.368	
1886.58	-207.038	
1886.67	-312.098	
1886.75	540.241	
1886.83	-97.6617	
1886.92	51.0451	
1887	66.3609	
1887.08	-122.835	
1887.17	-2.52632	
1887.25	-54.2632	
1887.33	21.8195	
1887.42	255.85	
1887.5	289.368	
1887.58	149.962	
1887.67	-194.098	
1887.75	99.2406	
1887.83	99.3383	
1887.92	10.0451	
1888	87.3609	
1888.08	7.16541	
1888.17	-31.5263	
1888.25	-4.26316	
1888.33	0.819549	
1888.42	-319.15	
1888.5	19.3684	
1888.58	374.962	
1888.67	-452.098	
1888.75	-397.759	
1888.83	219.338	
1888.92	-47.9549	
1889	-3.6391	
1889.08	5.16541	
1889.17	-83.5263	
1889.25	-20.2632	
1889.33	-82.1805	
1889.42	392.85	
1889.5	74.3684	
1889.58	355.962	
1889.67	-9.09774	
1889.75	161.241	
1889.83	-57.6617	
1889.92	-51.9549	
1890	-83.6391	
1890.08	-117.835	
1890.17	22.4737	
1890.25	-2.26316	
1890.33	-171.18	
1890.42	636.85	
1890.5	285.368	
1890.58	-284.038	
1890.67	-76.0977	
1890.75	-132.759	
1890.83	39.3383	
1890.92	16.0451	
1891	5.3609	
1891.08	5.16541	
1891.17	197.474	
1891.25	-56.2632	
1891.33	64.8195	
1891.42	-808.15	
1891.5	-152.632	
1891.58	-127.038	
1891.67	519.902	
1891.75	-177.759	
1891.83	-138.662	
1891.92	-48.9549	
1892	-56.6391	
1892.08	-22.8346	
1892.17	-93.5263	
1892.25	65.7368	
1892.33	10.8195	
1892.42	-62.1504	
1892.5	415.368	
1892.58	637.962	
1892.67	432.902	
1892.75	213.241	
1892.83	-185.662	
1892.92	-49.9549	
1893	115.361	
1893.08	155.165	
1893.17	316.474	
1893.25	-11.2632	
1893.33	415.82	
1893.42	773.85	
1893.5	-155.632	
1893.58	-116.038	
1893.67	553.902	
1893.75	190.241	
1893.83	330.338	
1893.92	-97.9549	
1894	5.3609	
1894.08	15.1654	
1894.17	30.4737	
1894.25	-15.2632	
1894.33	-170.18	
1894.42	525.85	
1894.5	390.368	
1894.58	-10.0376	
1894.67	315.902	
1894.75	608.241	
1894.83	73.3383	
1894.92	17.0451	
1895	-0.639098	
1895.08	-51.8346	
1895.17	-31.5263	
1895.25	112.737	
1895.33	-115.18	
1895.42	340.85	
1895.5	-156.632	
1895.58	-126.038	
1895.67	-314.098	
1895.75	13.2406	
1895.83	-177.662	
1895.92	-0.954887	
1896	-78.6391	
1896.08	-67.8346	
1896.17	-82.5263	
1896.25	-93.2632	
1896.33	-118.18	
1896.42	391.85	
1896.5	122.368	
1896.58	208.962	
1896.67	-929.098	
1896.75	-630.759	
1896.83	123.338	
1896.92	55.0451	
1897	-17.6391	
1897.08	-4.83459	
1897.17	57.4737	
1897.25	-47.2632	
1897.33	-95.1805	
1897.42	-216.15	
1897.5	-124.632	
1897.58	479.962	
1897.67	278.902	
1897.75	76.2406	
1897.83	-181.662	
1897.92	-101.955	
1898	-88.6391	
1898.08	178.165	
1898.17	-122.526	
1898.25	-52.2632	
1898.33	-155.18	
1898.42	74.8496	
1898.5	205.368	
1898.58	-217.038	
1898.67	289.902	
1898.75	-124.759	
1898.83	81.3383	
1898.92	5.04511	
1899	-51.6391	
1899.08	-62.8346	
1899.17	-76.5263	
1899.25	259.737	
1899.33	-3.18045	
1899.42	309.85	
1899.5	-845.632	
1899.58	-984.038	
1899.67	-682.098	
1899.75	-272.759	
1899.83	-270.662	
1899.92	-93.9549	
1900	43.3609	
1900.08	-61.8346	
1900.17	-47.5263	
1900.25	121.737	
1900.33	-124.18	
1900.42	-355.15	
1900.5	-202.632	
1900.58	288.962	
1900.67	669.902	
1900.75	-289.759	
1900.83	-207.662	
1900.92	21.0451	
1901	164.361	
1901.08	208.165	
1901.17	-37.5263	
1901.25	52.7368	
1901.33	-139.18	
1901.42	-493.15	
1901.5	-497.632	
1901.58	164.962	
1901.67	-446.098	
1901.75	-239.759	
1901.83	119.338	
1901.92	-24.9549	
1902	-42.6391	
1902.08	-103.835	
1902.17	-48.5263	
1902.25	90.7368	
1902.33	-112.18	
1902.42	-604.15	
1902.5	73.3684	
1902.58	-453.038	
1902.67	409.902	
1902.75	-81.7594	
1902.83	-33.6617	
1902.92	149.045	
1903	-24.6391	
1903.08	-73.8346	
1903.17	-48.5263	
1903.25	-142.263	
1903.33	32.8195	
1903.42	-373.15	
1903.5	65.3684	
1903.58	167.962	
1903.67	254.902	
1903.75	508.241	
1903.83	122.338	
1903.92	32.0451	
1904	-50.6391	
1904.08	-42.8346	
1904.17	52.4737	
1904.25	47.7368	
1904.33	155.82	
1904.42	152.85	
1904.5	-247.632	
1904.58	-455.038	
1904.67	-440.098	
1904.75	-72.7594	
1904.83	-221.662	
1904.92	-20.9549	
1905	18.3609	
1905.08	16.1654	
1905.17	135.474	
1905.25	7.73684	
1905.33	-54.1805	
1905.42	-734.15	
1905.5	-267.632	
1905.58	-373.038	
1905.67	45.9023	
1905.75	-169.759	
1905.83	-213.662	
1905.92	-94.9549	
1906	41.3609	
1906.08	256.165	
1906.17	69.4737	
1906.25	-128.263	
1906.33	-202.18	
1906.42	175.85	
1906.5	152.368	
1906.58	-7.03759	
1906.67	36.9023	
1906.75	-235.759	
1906.83	-112.662	
1906.92	144.045	
1907	-46.6391	
1907.08	195.165	
1907.17	105.474	
1907.25	259.737	
1907.33	-266.18	
1907.42	-101.15	
1907.5	-506.632	
1907.58	588.962	
1907.67	-699.098	
1907.75	-574.759	
1907.83	-73.6617	
1907.92	8.04511	
1908	46.3609	
1908.08	-2.83459	
1908.17	-82.5263	
1908.25	-107.263	
1908.33	-140.18	
1908.42	-364.15	
1908.5	441.368	
1908.58	529.962	
1908.67	-129.098	
1908.75	-355.759	
1908.83	-252.662	
1908.92	-101.955	
1909	52.3609	
1909.08	-70.8346	
1909.17	-120.526	
1909.25	341.737	
1909.33	-11.1805	
1909.42	455.85	
1909.5	237.368	
1909.58	-199.038	
1909.67	-94.0977	
1909.75	-410.759	
1909.83	-210.662	
1909.92	125.045	
1910	-55.6391	
1910.08	-86.8346	
1910.17	-71.5263	
1910.25	-52.2632	
1910.33	-172.18	
1910.42	474.85	
1910.5	-345.632	
1910.58	401.962	
1910.67	325.902	
1910.75	305.241	
1910.83	67.3383	
1910.92	-116.955	
1911	52.3609	
1911.08	-115.835	
1911.17	90.4737	
1911.25	-67.2632	
1911.33	-89.1805	
1911.42	283.85	
1911.5	-1189.63	
1911.58	-315.038	
1911.67	91.9023	
1911.75	-54.7594	
1911.83	103.338	
1911.92	-5.95489	
1912	-39.6391	
1912.08	58.1654	
1912.17	-21.5263	
1912.25	45.7368	
1912.33	-168.18	
1912.42	-584.15	
1912.5	482.368	
1912.58	153.962	
1912.67	-487.098	
1912.75	-119.759	
1912.83	248.338	
1912.92	-94.9549	
1913	-97.6391	
1913.08	181.165	
1913.17	12.4737	
1913.25	-59.2632	
1913.33	171.82	
1913.42	508.85	
1913.5	-81.6316	
1913.58	-544.038	
1913.67	-532.098	
1913.75	-48.7594	
1913.83	-132.662	
1913.92	88.0451	
1914	-97.6391	
1914.08	-7.83459	
1914.17	-2.52632	
1914.25	81.7368	
1914.33	103.82	
1914.42	-26.1504	
1914.5	484.368	
1914.58	-96.0376	
1914.67	126.902	
1914.75	-369.759	
1914.83	-105.662	
1914.92	36.0451	
1915	74.3609	
1915.08	128.165	
1915.17	239.474	
1915.25	-4.26316	
1915.33	100.82	
1915.42	-75.1504	
1915.5	-425.632	
1915.58	-294.038	
1915.67	107.902	
1915.75	107.241	
1915.83	233.338	
1915.92	-58.9549	
1916	-97.6391	
1916.08	-35.8346	
1916.17	-116.526	
1916.25	-30.2632	
1916.33	-49.1805	
1916.42	348.85	
1916.5	-141.632	
1916.58	472.962	
1916.67	333.902	
1916.75	693.241	
1916.83	196.338	
1916.92	-90.9549	
1917	-77.6391	
1917.08	217.165	
1917.17	-4.52632	
1917.25	-30.2632	
1917.33	183.82	
1917.42	500.85	
1917.5	-257.632	
1917.58	329.962	
1917.67	975.902	
1917.75	815.241	
1917.83	4.33835	
1917.92	-73.9549	
1918	-3.6391	
1918.08	-108.835	
1918.17	-4.52632	
1918.25	-77.2632	
1918.33	349.82	
1918.42	170.85	
1918.5	-1288.63	
1918.58	-220.038	
1918.67	-646.098	
1918.75	-632.759	
1918.83	161.338	
1918.92	-8.95489	
1919	264.361	
1919.08	-6.83459	
1919.17	-35.5263	
1919.25	-60.2632	
1919.33	-17.1805	
1919.42	151.85	
1919.5	-11.6316	
1919.58	382.962	
1919.67	-171.098	
1919.75	-72.7594	
1919.83	278.338	
1919.92	17.0451	
1920	97.3609	
1920.08	-41.8346	
1920.17	104.474	
1920.25	-35.2632	
1920.33	-76.1805	
1920.42	-216.15	
1920.5	193.368	
1920.58	-797.038	
1920.67	-482.098	
1920.75	-295.759	
1920.83	-8.66165	
1920.92	-114.955	
1921	186.361	
1921.08	-105.835	
1921.17	-40.5263	
1921.25	55.7368	
1921.33	-234.18	
1921.42	29.8496	
1921.5	-57.6316	
1921.58	-63.0376	
1921.67	256.902	
1921.75	-115.759	
1921.83	-120.662	
1921.92	-73.9549	
1922	118.361	
1922.08	-81.8346	
1922.17	-108.526	
1922.25	-94.2632	
1922.33	-159.18	
1922.42	160.85	
1922.5	186.368	
1922.58	-397.038	
1922.67	247.902	
1922.75	-261.759	
1922.83	336.338	
1922.92	-27.9549	
1923	-2.6391	
1923.08	134.165	
1923.17	8.47368	
1923.25	-55.2632	
1923.33	-132.18	
1923.42	-705.15	
1923.5	246.368	
1923.58	179.962	
1923.67	17.9023	
1923.75	-171.759	
1923.83	-104.662	
1923.92	19.0451	
1924	31.3609	
1924.08	-58.8346	
1924.17	-95.5263	
1924.25	-37.2632	
1924.33	-124.18	
1924.42	-534.15	
1924.5	275.368	
1924.58	-175.038	
1924.67	566.902	
1924.75	-162.759	
1924.83	316.338	
1924.92	-13.9549	
1925	-66.6391	
1925.08	-104.835	
1925.17	-56.5263	
1925.25	41.7368	
1925.33	275.82	
1925.42	228.85	
1925.5	135.368	
1925.58	-292.038	
1925.67	-528.098	
1925.75	-59.7594	
1925.83	122.338	
1925.92	56.0451	
1926	157.361	
1926.08	-78.8346	
1926.17	267.474	
1926.25	7.73684	
1926.33	-12.1805	
1926.42	-827.15	
1926.5	152.368	
1926.58	810.962	
1926.67	396.902	
1926.75	-248.759	
1926.83	-202.662	
1926.92	-62.9549	
1927	-29.6391	
1927.08	103.165	
1927.17	12.4737	
1927.25	-30.2632	
1927.33	-89.1805	
1927.42	-31.1504	
1927.5	471.368	
1927.58	-207.038	
1927.67	-194.098	
1927.75	-166.759	
1927.83	299.338	
1927.92	-25.9549	
1928	-10.6391	
1928.08	153.165	
1928.17	-64.5263	
1928.25	-34.2632	
1928.33	-121.18	
1928.42	-101.15	
1928.5	110.368	
1928.58	-443.038	
1928.67	-382.098	
1928.75	459.241	
1928.83	-142.662	
1928.92	48.0451	
1929	68.3609	
1929.08	23.1654	
1929.17	-53.5263	
1929.25	142.737	
1929.33	-72.1805	
1929.42	185.85	
1929.5	146.368	
1929.58	-213.038	
1929.67	-401.098	
1929.75	139.241	
1929.83	-111.662	
1929.92	144.045	
1930	-20.6391	
1930.08	-12.8346	
1930.17	-37.5263	
1930.25	-14.2632	
1930.33	6.81955	
1930.42	88.8496	
1930.5	77.3684	
1930.58	-642.038	
1930.67	26.9023	
1930.75	193.241	
1930.83	281.338	
1930.92	-21.9549	
1931	-67.6391	
1931.08	45.1654	
1931.17	-53.5263	
1931.25	-51.2632	
1931.33	-99.1805	
1931.42	-494.15	
1931.5	103.368	
1931.58	472.962	
1931.67	196.902	
1931.75	503.241	
1931.83	152.338	
1931.92	125.045	
1932	-95.6391	
1932.08	31.1654	
1932.17	-37.5263	
1932.25	-41.2632	
1932.33	125.82	
1932.42	-521.15	
1932.5	412.368	
1932.58	-384.038	
1932.67	33.9023	
1932.75	-76.7594	
1932.83	294.338	
1932.92	-40.9549	
1933	-31.6391	
1933.08	73.1654	
1933.17	-43.5263	
1933.25	96.7368	
1933.33	480.82	
1933.42	380.85	
1933.5	-151.632	
1933.58	677.962	
1933.67	357.902	
1933.75	133.241	
1933.83	-114.662	
1933.92	55.0451	
1934	37.3609	
1934.08	-53.8346	
1934.17	-62.5263	
1934.25	-6.26316	
1934.33	-198.18	
1934.42	392.85	
1934.5	-175.632	
1934.58	412.962	
1934.67	10.9023	
1934.75	-86.7594	
1934.83	30.3383	
1934.92	-68.9549	
1935	37.3609	
1935.08	-23.8346	
1935.17	-85.5263	
1935.25	19.7368	
1935.33	-324.18	
1935.42	-240.15	
1935.5	323.368	
1935.58	-207.038	
1935.67	65.9023	
1935.75	-235.759	
1935.83	-203.662	
1935.92	-29.9549	
1936	-49.6391	
1936.08	163.165	
1936.17	31.4737	
1936.25	-76.2632	
1936.33	306.82	
1936.42	751.85	
1936.5	-119.632	
1936.58	-236.038	
1936.67	192.902	
1936.75	-77.7594	
1936.83	313.338	
1936.92	-16.9549	
1937	-99.6391	
1937.08	281.165	
1937.17	-31.5263	
1937.25	221.737	
1937.33	-60.1805	
1937.42	-84.1504	
1937.5	559.368	
1937.58	-534.038	
1937.67	-14.0977	
1937.75	167.241	
1937.83	-97.6617	
1937.92	-19.9549	
1938	5.3609	
1938.08	17.1654	
1938.17	3.47368	
1938.25	-70.2632	
1938.33	114.82	
1938.42	745.85	
1938.5	-45.6316	
1938.58	-5.03759	
1938.67	-106.098	
1938.75	3.2406	
1938.83	-144.662	
1938.92	-86.9549	
1939	-36.6391	
1939.08	32.1654	
1939.17	28.4737	
1939.25	24.7368	
1939.33	-243.18	
1939.42	-167.15	
1939.5	-194.632	
1939.58	-57.0376	
1939.67	-177.098	
1939.75	155.241	
1939.83	21.3383	
1939.92	-106.955	
1940	-34.6391	
1940.08	42.1654	
1940.17	190.474	
1940.25	-70.2632	
1940.33	142.82	
1940.42	50.8496	
1940.5	160.368	
1940.58	417.962	
1940.67	-590.098	
1940.75	-57.7594	
1940.83	143.338	
1940.92	30.0451	
1941	86.3609	
1941.08	-24.8346	
1941.17	-80.5263	
1941.25	-32.2632	
1941.33	77.8195	
1941.42	0.849624	
1941.5	-541.632	
1941.58	-327.038	
1941.67	-342.098	
1941.75	-98.7594	
1941.83	-39.6617	
1941.92	6.04511	
1942	23.3609	
1942.08	145.165	
1942.17	-57.5263	
1942.25	77.7368	
1942.33	-105.18	
1942.42	95.8496	
1942.5	501.368	
1942.58	382.962	
1942.67	104.902	
1942.75	-397.759	
1942.83	-105.662	
1942.92	102.045	
1943	295.361	
1943.08	-53.8346	
1943.17	-37.5263	
1943.25	88.7368	
1943.33	234.82	
1943.42	-109.15	
1943.5	247.368	
1943.58	-288.038	
1943.67	338.902	
1943.75	205.241	
1943.83	-125.662	
1943.92	-84.9549	
1944	79.3609	
1944.08	151.165	
1944.17	355.474	
1944.25	-24.2632	
1944.33	-130.18	
1944.42	-270.15	
1944.5	736.368	
1944.58	548.962	
1944.67	-304.098	
1944.75	174.241	
1944.83	-11.6617	
1944.92	-31.9549	
1945	126.361	
1945.08	-72.8346	
1945.17	-103.526	
1945.25	76.7368	
1945.33	-125.18	
1945.42	-54.1504	
1945.5	413.368	
1945.58	-168.038	
1945.67	423.902	
1945.75	49.2406	
1945.83	-111.662	
1945.92	-91.9549	
1946	-99.6391	
1946.08	-17.8346	
1946.17	0.473684	
1946.25	167.737	
1946.33	-3.18045	
1946.42	432.85	
1946.5	99.3684	
1946.58	341.962	
1946.67	-330.098	
1946.75	105.241	
1946.83	538.338	
1946.92	196.045	
1947	59.3609	
1947.08	-19.8346	
1947.17	11.4737	
1947.25	42.7368	
1947.33	-135.18	
1947.42	-414.15	
1947.5	185.368	
1947.58	535.962	
1947.67	655.902	
1947.75	-91.7594	
1947.83	-244.662	
1947.92	74.0451	
1948	144.361	
1948.08	12.1654	
1948.17	-32.5263	
1948.25	12.7368	
1948.33	121.82	
1948.42	-137.15	
1948.5	70.3684	
1948.58	182.962	
1948.67	129.902	
1948.75	-120.759	
1948.83	503.338	
1948.92	-84.9549	
1949	-68.6391	
1949.08	-19.8346	
1949.17	-97.5263	
1949.25	106.737	
1949.33	274.82	
1949.42	-262.15	
1949.5	223.368	
1949.58	-43.0376	
1949.67	626.902	
1949.75	217.241	
1949.83	-205.662	
1949.92	-108.955	
1950	-51.6391	
1950.08	49.1654	
1950.17	73.4737	
1950.25	-183.263	
1950.33	-90.1805	
1950.42	-174.15	
1950.5	505.368	
1950.58	-188.038	
1950.67	132.902	
1950.75	-259.759	
1950.83	19.3383	
1950.92	-47.9549	
1951	-50.6391	
1951.08	-107.835	
1951.17	128.474	
1951.25	98.7368	
1951.33	-60.1805	
1951.42	-91.1504	
1951.5	-180.632	
1951.58	-349.038	
1951.67	-484.098	
1951.75	15.2406	
1951.83	27.3383	
1951.92	-110.955	
1952	-87.6391	
1952.08	-13.8346	
1952.17	3.47368	
1952.25	9.73684	
1952.33	116.82	
1952.42	-25.1504	
1952.5	42.3684	
1952.58	-58.0376	
1952.67	-523.098	
1952.75	31.2406	
1952.83	-248.662	
1952.92	60.0451	
1953	82.3609	
1953.08	-85.8346	
1953.17	-49.5263	
1953.25	9.73684	
1953.33	-164.18	
1953.42	-79.1504	
1953.5	276.368	
1953.58	442.962	
1953.67	95.9023	
1953.75	153.241	
1953.83	-174.662	
1953.92	-101.955	
1954	19.3609	
1954.08	33.1654	
1954.17	-32.5263	
1954.25	-66.2632	
1954.33	-88.1805	
1954.42	-260.15	
1954.5	114.368	
1954.58	-196.038	
1954.67	703.902	
1954.75	18.2406	
1954.83	-292.662	
1954.92	14.0451	
1955	46.3609	
1955.08	-99.8346	
1955.17	-25.5263	
1955.25	21.7368	
1955.33	128.82	
1955.42	154.85	
1955.5	-484.632	
1955.58	613.962	
1955.67	523.902	
1955.75	672.241	
1955.83	3.33835	
1955.92	-13.9549	
1956	-23.6391	
1956.08	-56.8346	
1956.17	11.4737	
1956.25	-37.2632	
1956.33	339.82	
1956.42	436.85	
1956.5	691.368	
1956.58	112.962	
1956.67	97.9023	
1956.75	745.241	
1956.83	172.338	
1956.92	-29.9549	
1957	134.361	
1957.08	-58.8346	
1957.17	109.474	
1957.25	-72.2632	
1957.33	-36.1805	
1957.42	-189.15	
1957.5	-104.632	
1957.58	177.962	
1957.67	-492.098	
1957.75	-182.759	
1957.83	-50.6617	
1957.92	-54.9549	
1958	-39.6391	
1958.08	-22.8346	
1958.17	-53.5263	
1958.25	18.7368	
1958.33	71.8195	
1958.42	-490.15	
1958.5	175.368	
1958.58	275.962	
1958.67	439.902	
1958.75	241.241	
1958.83	38.3383	
1958.92	-70.9549	
1959	93.3609	
1959.08	-26.8346	
1959.17	-54.5263	
1959.25	-35.2632	
1959.33	54.8195	
1959.42	-69.1504	
1959.5	487.368	
1959.58	75.9624	
1959.67	453.902	
1959.75	553.241	
1959.83	-97.6617	
1959.92	-75.9549	
1960	-20.6391	
1960.08	-117.835	
1960.17	81.4737	
1960.25	-133.263	
1960.33	24.8195	
1960.42	-181.15	
1960.5	53.3684	
1960.58	76.9624	
1960.67	-44.0977	
1960.75	-18.7594	
1960.83	79.3383	
1960.92	-69.9549	
1961	56.3609	
1961.08	116.165	
1961.17	13.4737	
1961.25	-88.2632	
1961.33	144.82	
1961.42	227.85	
1961.5	439.368	
1961.58	311.962	
1961.67	730.902	
1961.75	477.241	
1961.83	-125.662	
1961.92	-48.9549	
1962	-18.6391	
1962.08	-18.8346	
1962.17	-35.5263	
1962.25	82.7368	
1962.33	50.8195	
1962.42	-583.15	
1962.5	-129.632	
1962.58	-62.0376	
1962.67	379.902	
1962.75	64.2406	
1962.83	-159.662	
1962.92	168.045	
1963	-36.6391	
1963.08	-76.8346	
1963.17	-9.52632	
1963.25	57.7368	
1963.33	-58.1805	
1963.42	-117.15	
1963.5	-327.632	
1963.58	603.962	
1963.67	-73.0977	
1963.75	209.241	
1963.83	-82.6617	
1963.92	-19.9549	
1964	-95.6391	
1964.08	-70.8346	
1964.17	-67.5263	
1964.25	-14.2632	
1964.33	-92.1805	
1964.42	-204.15	
1964.5	406.368	
1964.58	211.962	
1964.67	318.902	
1964.75	-45.7594	
1964.83	-53.6617	
1964.92	-54.9549	
1965	-54.6391	
1965.08	-36.8346	
1965.17	-1.52632	
1965.25	-20.2632	
1965.33	-184.18	
1965.42	-538.15	
1965.5	-54.6316	
1965.58	-531.038	
1965.67	-275.098	
1965.75	-417.759	
1965.83	-153.662	
1965.92	101.045	
1966	37.3609	
1966.08	-76.8346	
1966.17	-99.5263	
1966.25	-102.263	
1966.33	-10.1805	
1966.42	15.8496	
1966.5	-348.632	
1966.58	-443.038	
1966.67	-318.098	
1966.75	-199.759	
1966.83	300.338	
1966.92	59.0451	
1967	-17.6391	
1967.08	-101.835	
1967.17	377.474	
1967.25	-38.2632	
1967.33	-197.18	
1967.42	-228.15	
1967.5	200.368	
1967.58	148.962	
1967.67	-13.0977	
1967.75	-359.759	
1967.83	-179.662	
1967.92	376.045	
1968	40.3609	
1968.08	-7.83459	
1968.17	50.4737	
1968.25	5.73684	
1968.33	-213.18	
1968.42	-277.15	
1968.5	162.368	
1968.58	-478.038	
1968.67	-354.098	
1968.75	-76.7594	
1968.83	-73.6617	
1968.92	-49.9549	
1969	-69.6391	
1969.08	-100.835	
1969.17	-54.5263	
1969.25	-21.2632	
1969.33	26.8195	
1969.42	-432.15	
1969.5	280.368	
1969.58	-38.0376	
1969.67	6.90226	
1969.75	-183.759	
1969.83	127.338	
1969.92	19.0451	
1970	59.3609	
1970.08	79.1654	
1970.17	33.4737	
1970.25	-23.2632	
1970.33	49.8195	
1970.42	465.85	
1970.5	-495.632	
1970.58	563.962	
1970.67	370.902	
1970.75	-17.7594	
1970.83	-117.662	
1970.92	-111.955	
1971	4.3609	
1971.08	-25.8346	
1971.17	-56.5263	
1971.25	196.737	
1971.33	171.82	
1971.42	551.85	
1971.5	-230.632	
1971.58	162.962	
1971.67	-109.098	
1971.75	272.241	
1971.83	-173.662	
1971.92	-19.9549	
1972	-84.6391	
1972.08	2.16541	
1972.17	-102.526	
1972.25	-57.2632	
1972.33	-82.1805	
1972.42	-416.15	
1972.5	-884.632	
1972.58	-253.038	
1972.67	-410.098	
1972.75	-145.759	
1972.83	-3.66165	
1972.92	40.0451	
1973	-62.6391	
1973.08	-9.83459	
1973.17	-72.5263	
1973.25	-68.2632	
1973.33	-42.1805	
1973.42	-230.15	
1973.5	63.3684	
1973.58	649.962	
1973.67	157.902	
1973.75	479.241	
1973.83	-115.662	
1973.92	58.0451	
1974	-90.6391	
1974.08	-89.8346	
1974.17	-11.5263	
1974.25	-41.2632	
1974.33	75.8195	
1974.42	-582.15	
1974.5	13.3684	
1974.58	-143.038	
1974.67	-299.098	
1974.75	286.241	
1974.83	-192.662	
1974.92	-77.9549	
1975	-42.6391	
1975.08	-32.8346	
1975.17	-13.5263	
1975.25	-99.2632	
1975.33	-124.18	
1975.42	159.85	
1975.5	177.368	
1975.58	221.962	
1975.67	576.902	
1975.75	437.241	
1975.83	-61.6617	
1975.92	-91.9549	
1976	-62.6391	
1976.08	-47.8346	
1976.17	-25.5263	
1976.25	35.7368	
1976.33	-163.18	
1976.42	-223.15	
1976.5	158.368	
1976.58	360.962	
1976.67	-221.098	
1976.75	-460.759	
1976.83	305.338	
1976.92	-79.9549	
1977	-38.6391	
1977.08	-70.8346	
1977.17	-66.5263	
1977.25	225.737	
1977.33	188.82	
1977.42	240.85	
1977.5	382.368	
1977.58	-30.0376	
1977.67	-254.098	
1977.75	113.241	
1977.83	402.338	
1977.92	-33.9549	
1978	-36.6391	
1978.08	87.1654	
1978.17	44.4737	
1978.25	-29.2632	
1978.33	-27.1805	
1978.42	353.85	
1978.5	37.3684	
1978.58	309.962	
1978.67	-101.098	
1978.75	-228.759	
1978.83	130.338	
1978.92	110.045	
1979	36.3609	
1979.08	144.165	
1979.17	-51.5263	
1979.25	-105.263	
1979.33	-125.18	
1979.42	-207.15	
1979.5	-465.632	
1979.58	-435.038	
1979.67	-307.098	
1979.75	-318.759	
1979.83	571.338	
1979.92	0.0451128	
1980	-65.6391	
1980.08	-74.8346	
1980.17	18.4737	
1980.25	-17.2632	
1980.33	-89.1805	
1980.42	508.85	
1980.5	59.3684	
1980.58	108.962	
1980.67	-342.098	
1980.75	-261.759	
1980.83	-69.6617	
1980.92	58.0451	
1981	53.3609	
1981.08	-55.8346	
1981.17	97.4737	
1981.25	12.7368	
1981.33	53.8195	
1981.42	-255.15	
1981.5	165.368	
1981.58	-162.038	
1981.67	280.902	
1981.75	-269.759	
1981.83	-19.6617	
1981.92	8.04511	
1982	57.3609	
1982.08	-17.8346	
1982.17	98.4737	
1982.25	102.737	
1982.33	-26.1805	
1982.42	-346.15	
1982.5	-560.632	
1982.58	259.962	
1982.67	-492.098	
1982.75	-292.759	
1982.83	192.338	
1982.92	-62.9549	
1983	-36.6391	
1983.08	-22.8346	
1983.17	-23.5263	
1983.25	90.7368	
1983.33	18.8195	
1983.42	-264.15	
1983.5	13.3684	
1983.58	508.962	
1983.67	805.902	
1983.75	120.241	
1983.83	-189.662	
1983.92	142.045	
1984	51.3609	
1984.08	137.165	
1984.17	-28.5263	
1984.25	15.7368	
1984.33	-140.18	
1984.42	96.8496	
1984.5	-111.632	
1984.58	165.962	
1984.67	-277.098	
1984.75	-178.759	
1984.83	-179.662	
1984.92	-41.9549	
1985	61.3609	
1985.08	-59.8346	
1985.17	-54.5263	
1985.25	-26.2632	
1985.33	-91.1805	
1985.42	-238.15	
1985.5	-189.632	
1985.58	-240.038	
1985.67	-227.098	
1985.75	358.241	
1985.83	-118.662	
1985.92	11.0451	
1986	38.3609	
1986.08	152.165	
1986.17	-75.5263	
1986.25	46.7368	
1986.33	-95.1805	
1986.42	133.85	
1986.5	-339.632	
1986.58	-290.038	
1986.67	-567.098	
1986.75	-72.7594	
1986.83	74.3383	
1986.92	49.0451	
1987	3.3609	
1987.08	-35.8346	
1987.17	16.4737	
1987.25	-47.2632	
1987.33	-82.1805	
1987.42	-484.15	
1987.5	-654.632	
1987.58	-54.0376	
1987.67	-327.098	
1987.75	87.2406	
1987.83	230.338	
1987.92	115.045	
1988	-84.6391	
1988.08	-16.8346	
1988.17	37.4737	
1988.25	55.7368	
1988.33	-27.1805	
1988.42	-77.1504	
1988.5	508.368	
1988.58	336.962	
1988.67	353.902	
1988.75	-277.759	
1988.83	-86.6617	
1988.92	-17.9549	
1989	-48.6391	
1989.08	-90.8346	
1989.17	40.4737	
1989.25	-97.2632	
1989.33	-104.18	
1989.42	193.85	
1989.5	138.368	
1989.58	-114.038	
1989.67	-44.0977	
1989.75	-293.759	
1989.83	-162.662	
1989.92	1.04511	
1990	-57.6391	
1990.08	128.165	
1990.17	86.4737	
1990.25	36.7368	
1990.33	546.82	
1990.42	78.8496	
1990.5	-92.6316	
1990.58	408.962	
1990.67	198.902	
1990.75	227.241	
1990.83	23.3383	
1990.92	-31.9549	
1991	-27.6391	
1991.08	-50.8346	
1991.17	-24.5263	
1991.25	17.7368	
1991.33	-26.1805	
1991.42	149.85	
1991.5	-176.632	
1991.58	-137.038	
1991.67	-484.098	
1991.75	-170.759	
1991.83	45.3383	
1991.92	6.04511	
1992	-49.6391	
1992.08	-35.8346	
1992.17	-111.526	
1992.25	-105.263	
1992.33	-70.1805	
1992.42	-417.15	
1992.5	-403.632	
1992.58	274.962	
1992.67	-115.098	
1992.75	-127.759	
1992.83	178.338	
1992.92	-46.9549	
1993	-82.6391	
1993.08	29.1654	
1993.17	23.4737	
1993.25	11.7368	
1993.33	125.82	
1993.42	144.85	
1993.5	66.3684	
1993.58	-459.038	
1993.67	342.902	
1993.75	114.241	
1993.83	-19.6617	
1993.92	98.0451	
1994	20.3609	
1994.08	63.1654	
1994.17	-10.5263	
1994.25	88.7368	
1994.33	-149.18	
1994.42	504.85	
1994.5	492.368	
1994.58	275.962	
1994.67	-269.098	
1994.75	93.2406	
1994.83	20.3383	
1994.92	-83.9549	
1995	160.361	
1995.08	-4.83459	
1995.17	18.4737	
1995.25	-79.2632	
1995.33	323.82	
1995.42	-355.15	
1995.5	8.36842	
1995.58	-86.0376	
1995.67	-54.0977	
1995.75	71.2406	
1995.83	89.3383	
1995.92	-62.9549	
1996	19.3609	
1996.08	47.1654	
1996.17	-14.5263	
1996.25	-0.263158	
1996.33	-137.18	
1996.42	263.85	
1996.5	-280.632	
1996.58	329.962	
1996.67	-183.098	
1996.75	169.241	
1996.83	-149.662	
1996.92	39.0451	
1997	-5.6391	
1997.08	-91.8346	
1997.17	-0.526316	
1997.25	161.737	
1997.33	-99.1805	
1997.42	136.85	
1997.5	-82.6316	
1997.58	208.962	
1997.67	-3.09774	
1997.75	-30.7594	
1997.83	282.338	
1997.92	450.045	
1998	35.3609	
1998.08	18.1654	
1998.17	112.474	
1998.25	23.7368	
1998.33	-47.1805	
1998.42	-177.15	
1998.5	-161.632	
1998.58	-25.0376	
1998.67	389.902	
1998.75	373.241	
1998.83	187.338	
1998.92	-12.9549	
1999	-67.6391	
1999.08	-12.8346	
1999.17	-117.526	
1999.25	-146.263	
1999.33	460.82	
1999.42	106.85	
1999.5	-250.632	
1999.58	-292.038	
1999.67	153.902	
1999.75	436.241	
1999.83	-142.662	
1999.92	-80.9549	
2000	-54.6391	
2000.08	125.165	
2000.17	-61.5263	
2000.25	37.7368	
2000.33	338.82	
2000.42	217.85	
2000.5	-253.632	
2000.58	-335.038	
2000.67	-412.098	
2000.75	-327.759	
2000.83	-183.662	
2000.92	-48.9549	
2001	-62.6391	
2001.08	-61.8346	
2001.17	-31.5263	
2001.25	106.737	
2001.33	123.82	
2001.42	712.85	
2001.5	-114.632	
2001.58	-526.038	
2001.67	-553.098	
2001.75	355.241	
2001.83	-76.6617	
2001.92	-54.9549	
2002	1.3609	
2002.08	54.1654	
2002.17	-45.5263	
2002.25	-5.26316	
2002.33	98.8195	
2002.42	65.8496	
2002.5	-1534.63	
2002.58	1.96241	
2002.67	-355.098	
2002.75	-126.759	
2002.83	-67.6617	
2002.92	-69.9549	
2003	-63.6391	
2003.08	138.165	
2003.17	28.4737	
2003.25	4.73684	
2003.33	-187.18	
2003.42	38.8496	
2003.5	134.368	
2003.58	-206.038	
2003.67	103.902	
2003.75	218.241	
2003.83	-154.662	
2003.92	15.0451	
