1825	-23	
1825.08	-21.8167	
1825.17	13.3556	
1825.25	-42.3	
1825.33	-43.3556	
1825.42	6.67778	
1825.5	-55.4278	
1825.58	18.6	
1825.67	-35.1167	
1825.75	154.322	
1825.83	37.6722	
1825.92	-31.7778	
1826	-186	
1826.08	259.183	
1826.17	-54.6444	
1826.25	60.7	
1826.33	2.64444	
1826.42	20.6778	
1826.5	56.5722	
1826.58	60.6	
1826.67	-26.1167	
1826.75	114.322	
1826.83	-95.3278	
1826.92	-46.7778	
1827	-62	
1827.08	-272.817	
1827.17	89.3556	
1827.25	-30.3	
1827.33	95.6444	
1827.42	54.6778	
1827.5	20.5722	
1827.58	-87.4	
1827.67	29.8833	
1827.75	-37.6778	
1827.83	-59.3278	
1827.92	149.222	
1828	24	
1828.08	17.1833	
1828.17	-23.6444	
1828.25	9.7	
1828.33	-6.35556	
1828.42	4.67778	
1828.5	-39.4278	
1828.58	-34.4	
1828.67	-59.1167	
1828.75	93.3222	
1828.83	-71.3278	
1828.92	177.222	
1829	-159	
1829.08	-44.8167	
1829.17	-144.644	
1829.25	-9.3	
1829.33	73.6444	
1829.42	-19.3222	
1829.5	15.5722	
1829.58	-28.4	
1829.67	7.88333	
1829.75	58.3222	
1829.83	-15.3278	
1829.92	-33.7778	
1830	-174	
1830.08	23.1833	
1830.17	183.356	
1830.25	92.7	
1830.33	20.6444	
1830.42	-8.32222	
1830.5	62.5722	
1830.58	-25.4	
1830.67	104.883	
1830.75	130.322	
1830.83	119.672	
1830.92	-172.778	
1831	-208	
1831.08	9.18333	
1831.17	111.356	
1831.25	-57.3	
1831.33	-52.3556	
1831.42	0.677778	
1831.5	67.5722	
1831.58	-22.4	
1831.67	33.8833	
1831.75	140.322	
1831.83	-16.3278	
1831.92	34.2222	
1832	-1	
1832.08	77.1833	
1832.17	161.356	
1832.25	-37.3	
1832.33	-76.3556	
1832.42	-51.3222	
1832.5	-92.4278	
1832.58	-26.4	
1832.67	18.8833	
1832.75	179.322	
1832.83	73.6722	
1832.92	166.222	
1833	-85	
1833.08	94.1833	
1833.17	-158.644	
1833.25	78.7	
1833.33	64.6444	
1833.42	-29.3222	
1833.5	-36.4278	
1833.58	-56.4	
1833.67	13.8833	
1833.75	48.3222	
1833.83	95.6722	
1833.92	176.222	
1834	130	
1834.08	123.183	
1834.17	74.3556	
1834.25	-102.3	
1834.33	-21.3556	
1834.42	21.6778	
1834.5	-11.4278	
1834.58	-16.4	
1834.67	-61.1167	
1834.75	86.3222	
1834.83	-71.3278	
1834.92	-43.7778	
1835	-60	
1835.08	147.183	
1835.17	78.3556	
1835.25	-53.3	
1835.33	24.6444	
1835.42	23.6778	
1835.5	5.57222	
1835.58	48.6	
1835.67	77.8833	
1835.75	62.3222	
1835.83	-50.3278	
1835.92	-100.778	
1836	59	
1836.08	-31.8167	
1836.17	152.356	
1836.25	58.7	
1836.33	-29.3556	
1836.42	69.6778	
1836.5	88.5722	
1836.58	74.6	
1836.67	-65.1167	
1836.75	23.3222	
1836.83	101.672	
1836.92	-118.778	
1837	-148	
1837.08	221.183	
1837.17	-192.644	
1837.25	-41.3	
1837.33	-30.3556	
1837.42	-49.3222	
1837.5	-45.4278	
1837.58	-36.4	
1837.67	37.8833	
1837.75	164.322	
1837.83	58.6722	
1837.92	43.2222	
1838	-134	
1838.08	-145.817	
1838.17	45.3556	
1838.25	-30.3	
1838.33	-62.3556	
1838.42	36.6778	
1838.5	-18.4278	
1838.58	-24.4	
1838.67	70.8833	
1838.75	94.3222	
1838.83	-134.328	
1838.92	131.222	
1839	-14	
1839.08	202.183	
1839.17	39.3556	
1839.25	57.7	
1839.33	-10.3556	
1839.42	-6.32222	
1839.5	3.57222	
1839.58	-15.4	
1839.67	32.8833	
1839.75	46.3222	
1839.83	-114.328	
1839.92	-85.7778	
1840	89	
1840.08	-70.8167	
1840.17	-220.644	
1840.25	38.7	
1840.33	-76.3556	
1840.42	-1.32222	
1840.5	36.5722	
1840.58	24.6	
1840.67	23.8833	
1840.75	-36.6778	
1840.83	12.6722	
1840.92	-141.778	
1841	-158	
1841.08	-95.8167	
1841.17	127.356	
1841.25	80.7	
1841.33	77.6444	
1841.42	-25.3222	
1841.5	-37.4278	
1841.58	35.6	
1841.67	-103.117	
1841.75	-23.6778	
1841.83	-0.327778	
1841.92	-24.7778	
1842	96	
1842.08	235.183	
1842.17	185.356	
1842.25	-33.3	
1842.33	34.6444	
1842.42	-46.3222	
1842.5	-56.4278	
1842.58	73.6	
1842.67	-62.1167	
1842.75	-88.6778	
1842.83	-114.328	
1842.92	75.2222	
1843	132	
1843.08	-236.817	
1843.17	-81.6444	
1843.25	44.7	
1843.33	-59.3556	
1843.42	-45.3222	
1843.5	46.5722	
1843.58	76.6	
1843.67	-42.1167	
1843.75	-26.6778	
1843.83	90.6722	
1843.92	110.222	
1844	-53	
1844.08	-48.8167	
1844.17	73.3556	
1844.25	145.7	
1844.33	-65.3556	
1844.42	-23.3222	
1844.5	-20.4278	
1844.58	-32.4	
1844.67	-35.1167	
1844.75	54.3222	
1844.83	7.67222	
1844.92	-109.778	
1845	62	
1845.08	-32.8167	
1845.17	-46.6444	
1845.25	5.7	
1845.33	-18.3556	
1845.42	69.6778	
1845.5	-39.4278	
1845.58	-40.4	
1845.67	8.88333	
1845.75	113.322	
1845.83	70.6722	
1845.92	23.2222	
1846	98	
1846.08	-24.8167	
1846.17	73.3556	
1846.25	-58.3	
1846.33	64.6444	
1846.42	59.6778	
1846.5	79.5722	
1846.58	-9.4	
1846.67	-22.1167	
1846.75	103.322	
1846.83	-23.3278	
1846.92	-172.778	
1847	-18	
1847.08	-49.8167	
1847.17	-106.644	
1847.25	39.7	
1847.33	71.6444	
1847.42	32.6778	
1847.5	15.5722	
1847.58	11.6	
1847.67	-23.1167	
1847.75	79.3222	
1847.83	137.672	
1847.92	121.222	
1848	-38	
1848.08	45.1833	
1848.17	70.3556	
1848.25	-49.3	
1848.33	67.6444	
1848.42	-48.3222	
1848.5	7.57222	
1848.58	49.6	
1848.67	-17.1167	
1848.75	-46.6778	
1848.83	-59.3278	
1848.92	115.222	
1849	111	
1849.08	82.1833	
1849.17	-23.6444	
1849.25	-33.3	
1849.33	-2.35556	
1849.42	-64.3222	
1849.5	24.5722	
1849.58	-19.4	
1849.67	-85.1167	
1849.75	56.3222	
1849.83	39.6722	
1849.92	-128.778	
1850	-88	
1850.08	183.183	
1850.17	-141.644	
1850.25	13.7	
1850.33	-19.3556	
1850.42	35.6778	
1850.5	-11.4278	
1850.58	-20.4	
1850.67	-57.1167	
1850.75	-31.6778	
1850.83	86.6722	
1850.92	108.222	
1851	201	
1851.08	36.1833	
1851.17	47.3556	
1851.25	-67.3	
1851.33	-6.35556	
1851.42	-30.3222	
1851.5	-71.4278	
1851.58	19.6	
1851.67	-7.11667	
1851.75	92.3222	
1851.83	-131.328	
1851.92	30.2222	
1852	108	
1852.08	-29.8167	
1852.17	-155.644	
1852.25	-71.3	
1852.33	30.6444	
1852.42	8.67778	
1852.5	-7.42778	
1852.58	39.6	
1852.67	-75.1167	
1852.75	-20.6778	
1852.83	-34.3278	
1852.92	23.2222	
1853	91	
1853.08	-275.817	
1853.17	-42.6444	
1853.25	7.7	
1853.33	-63.3556	
1853.42	36.6778	
1853.5	44.5722	
1853.58	-65.4	
1853.67	29.8833	
1853.75	53.3222	
1853.83	87.6722	
1853.92	-237.778	
1854	82	
1854.08	40.1833	
1854.17	110.356	
1854.25	8.7	
1854.33	31.6444	
1854.42	2.67778	
1854.5	-50.4278	
1854.58	10.6	
1854.67	59.8833	
1854.75	119.322	
1854.83	-65.3278	
1854.92	94.2222	
1855	-206	
1855.08	-274.817	
1855.17	7.35556	
1855.25	35.7	
1855.33	-66.3556	
1855.42	15.6778	
1855.5	-23.4278	
1855.58	22.6	
1855.67	18.8833	
1855.75	32.3222	
1855.83	-80.3278	
1855.92	-95.7778	
1856	-96	
1856.08	-69.8167	
1856.17	-146.644	
1856.25	43.7	
1856.33	-40.3556	
1856.42	56.6778	
1856.5	-9.42778	
1856.58	-42.4	
1856.67	-28.1167	
1856.75	86.3222	
1856.83	-126.328	
1856.92	-52.7778	
1857	-76	
1857.08	137.183	
1857.17	59.3556	
1857.25	-5.3	
1857.33	7.64444	
1857.42	-37.3222	
1857.5	88.5722	
1857.58	13.6	
1857.67	-6.11667	
1857.75	78.3222	
1857.83	-65.3278	
1857.92	143.222	
1858	96	
1858.08	-50.8167	
1858.17	-86.6444	
1858.25	18.7	
1858.33	15.6444	
1858.42	24.6778	
1858.5	-23.4278	
1858.58	13.6	
1858.67	90.8833	
1858.75	-0.677778	
1858.83	-164.328	
1858.92	157.222	
1859	102	
1859.08	97.1833	
1859.17	48.3556	
1859.25	-77.3	
1859.33	46.6444	
1859.42	2.67778	
1859.5	24.5722	
1859.58	59.6	
1859.67	0.883333	
1859.75	-61.6778	
1859.83	-4.32778	
1859.92	-94.7778	
1860	66	
1860.08	-24.8167	
1860.17	50.3556	
1860.25	-9.3	
1860.33	-54.3556	
1860.42	-49.3222	
1860.5	-22.4278	
1860.58	6.6	
1860.67	-13.1167	
1860.75	167.322	
1860.83	-170.328	
1860.92	-139.778	
1861	-69	
1861.08	18.1833	
1861.17	127.356	
1861.25	-77.3	
1861.33	-28.3556	
1861.42	-7.32222	
1861.5	59.5722	
1861.58	38.6	
1861.67	-20.1167	
1861.75	80.3222	
1861.83	-70.3278	
1861.92	-71.7778	
1862	56	
1862.08	-129.817	
1862.17	-129.644	
1862.25	15.7	
1862.33	80.6444	
1862.42	60.6778	
1862.5	-30.4278	
1862.58	-12.4	
1862.67	0.883333	
1862.75	203.322	
1862.83	6.67222	
1862.92	125.222	
1863	55	
1863.08	144.183	
1863.17	105.356	
1863.25	111.7	
1863.33	-22.3556	
1863.42	19.6778	
1863.5	-15.4278	
1863.58	-30.4	
1863.67	93.8833	
1863.75	83.3222	
1863.83	73.6722	
1863.92	81.2222	
1864	107	
1864.08	-42.8167	
1864.17	-76.6444	
1864.25	12.7	
1864.33	-41.3556	
1864.42	54.6778	
1864.5	36.5722	
1864.58	-43.4	
1864.67	23.8833	
1864.75	-157.678	
1864.83	28.6722	
1864.92	-36.7778	
1865	-1	
1865.08	-88.8167	
1865.17	-62.6444	
1865.25	23.7	
1865.33	46.6444	
1865.42	22.6778	
1865.5	-6.42778	
1865.58	-15.4	
1865.67	88.8833	
1865.75	-50.6778	
1865.83	-2.32778	
1865.92	117.222	
1866	76	
1866.08	1.18333	
1866.17	-109.644	
1866.25	-44.3	
1866.33	-34.3556	
1866.42	35.6778	
1866.5	-8.42778	
1866.58	5.6	
1866.67	66.8833	
1866.75	75.3222	
1866.83	30.6722	
1866.92	78.2222	
1867	-196	
1867.08	134.183	
1867.17	-187.644	
1867.25	76.7	
1867.33	-91.3556	
1867.42	-22.3222	
1867.5	-56.4278	
1867.58	64.6	
1867.67	34.8833	
1867.75	115.322	
1867.83	-106.328	
1867.92	-35.7778	
1868	44	
1868.08	185.183	
1868.17	172.356	
1868.25	73.7	
1868.33	91.6444	
1868.42	88.6778	
1868.5	39.5722	
1868.58	30.6	
1868.67	-84.1167	
1868.75	167.322	
1868.83	-68.3278	
1868.92	100.222	
1869	177	
1869.08	168.183	
1869.17	-123.644	
1869.25	47.7	
1869.33	-71.3556	
1869.42	-23.3222	
1869.5	6.57222	
1869.58	-30.4	
1869.67	10.8833	
1869.75	-0.677778	
1869.83	21.6722	
1869.92	-46.7778	
1870	-12	
1870.08	-150.817	
1870.17	-124.644	
1870.25	85.7	
1870.33	59.6444	
1870.42	12.6778	
1870.5	16.5722	
1870.58	-85.4	
1870.67	37.8833	
1870.75	109.322	
1870.83	-99.3278	
1870.92	-215.778	
1871	34	
1871.08	21.1833	
1871.17	66.3556	
1871.25	-49.3	
1871.33	-41.3556	
1871.42	-52.3222	
1871.5	40.5722	
1871.58	57.6	
1871.67	-64.1167	
1871.75	58.3222	
1871.83	-179.328	
1871.92	-14.7778	
1872	66	
1872.08	-12.8167	
1872.17	-56.6444	
1872.25	-31.3	
1872.33	2.64444	
1872.42	14.6778	
1872.5	-55.4278	
1872.58	-60.4	
1872.67	-61.1167	
1872.75	55.3222	
1872.83	28.6722	
1872.92	-66.7778	
1873	129	
1873.08	-77.8167	
1873.17	16.3556	
1873.25	-85.3	
1873.33	-40.3556	
1873.42	50.6778	
1873.5	6.57222	
1873.58	58.6	
1873.67	-38.1167	
1873.75	69.3222	
1873.83	-106.328	
1873.92	76.2222	
1874	90	
1874.08	73.1833	
1874.17	54.3556	
1874.25	104.7	
1874.33	-42.3556	
1874.42	-25.3222	
1874.5	28.5722	
1874.58	18.6	
1874.67	43.8833	
1874.75	139.322	
1874.83	-8.32778	
1874.92	-142.778	
1875	37	
1875.08	-133.817	
1875.17	-43.6444	
1875.25	-33.3	
1875.33	109.644	
1875.42	74.6778	
1875.5	-44.4278	
1875.58	10.6	
1875.67	-5.11667	
1875.75	49.3222	
1875.83	-154.328	
1875.92	13.2222	
1876	49	
1876.08	-21.8167	
1876.17	-15.6444	
1876.25	-63.3	
1876.33	-23.3556	
1876.42	81.6778	
1876.5	91.5722	
1876.58	13.6	
1876.67	-96.1167	
1876.75	4.32222	
1876.83	-112.328	
1876.92	-55.7778	
1877	120	
1877.08	50.1833	
1877.17	-23.6444	
1877.25	-88.3	
1877.33	-57.3556	
1877.42	18.6778	
1877.5	23.5722	
1877.58	-79.4	
1877.67	-90.1167	
1877.75	114.322	
1877.83	118.672	
1877.92	105.222	
1878	-26	
1878.08	43.1833	
1878.17	-37.6444	
1878.25	-3.3	
1878.33	38.6444	
1878.42	-21.3222	
1878.5	-6.42778	
1878.58	-54.4	
1878.67	26.8833	
1878.75	16.3222	
1878.83	-182.328	
1878.92	-238.778	
1879	-93	
1879.08	12.1833	
1879.17	2.35556	
1879.25	-14.3	
1879.33	36.6444	
1879.42	8.67778	
1879.5	-30.4278	
1879.58	-3.4	
1879.67	101.883	
1879.75	-3.67778	
1879.83	-156.328	
1879.92	13.2222	
1880	-32	
1880.08	101.183	
1880.17	-7.64444	
1880.25	52.7	
1880.33	-23.3556	
1880.42	-3.32222	
1880.5	-53.4278	
1880.58	0.6	
1880.67	7.88333	
1880.75	-128.678	
1880.83	46.6722	
1880.92	-66.7778	
1881	-292	
1881.08	-145.817	
1881.17	-34.6444	
1881.25	-53.3	
1881.33	22.6444	
1881.42	25.6778	
1881.5	45.5722	
1881.58	-11.4	
1881.67	-16.1167	
1881.75	-17.6778	
1881.83	188.672	
1881.92	145.222	
1882	114	
1882.08	95.1833	
1882.17	190.356	
1882.25	-55.3	
1882.33	-17.3556	
1882.42	-29.3222	
1882.5	53.5722	
1882.58	10.6	
1882.67	27.8833	
1882.75	98.3222	
1882.83	64.6722	
1882.92	-118.778	
1883	94	
1883.08	214.183	
1883.17	-187.644	
1883.25	45.7	
1883.33	-0.355556	
1883.42	-32.3222	
1883.5	-47.4278	
1883.58	41.6	
1883.67	-3.11667	
1883.75	157.322	
1883.83	115.672	
1883.92	26.2222	
1884	117	
1884.08	72.1833	
1884.17	45.3556	
1884.25	-59.3	
1884.33	7.64444	
1884.42	33.6778	
1884.5	-36.4278	
1884.58	59.6	
1884.67	56.8833	
1884.75	80.3222	
1884.83	-57.3278	
1884.92	110.222	
1885	-39	
1885.08	-56.8167	
1885.17	-52.6444	
1885.25	12.7	
1885.33	-17.3556	
1885.42	56.6778	
1885.5	28.5722	
1885.58	-81.4	
1885.67	57.8833	
1885.75	10.3222	
1885.83	-11.3278	
1885.92	-38.7778	
1886	-97	
1886.08	-69.8167	
1886.17	6.35556	
1886.25	-35.3	
1886.33	-41.3556	
1886.42	25.6778	
1886.5	-1.42778	
1886.58	79.6	
1886.67	-10.1167	
1886.75	68.3222	
1886.83	49.6722	
1886.92	-20.7778	
1887	132	
1887.08	72.1833	
1887.17	-58.6444	
1887.25	-85.3	
1887.33	16.6444	
1887.42	-7.32222	
1887.5	9.57222	
1887.58	-41.4	
1887.67	-59.1167	
1887.75	-10.6778	
1887.83	-117.328	
1887.92	-111.778	
1888	-92	
1888.08	-172.817	
1888.17	-98.6444	
1888.25	-91.3	
1888.33	-6.35556	
1888.42	-36.3222	
1888.5	-37.4278	
1888.58	11.6	
1888.67	-17.1167	
1888.75	-14.6778	
1888.83	128.672	
1888.92	92.2222	
1889	4	
1889.08	-102.817	
1889.17	-23.6444	
1889.25	18.7	
1889.33	44.6444	
1889.42	65.6778	
1889.5	-59.4278	
1889.58	52.6	
1889.67	-56.1167	
1889.75	37.3222	
1889.83	95.6722	
1889.92	121.222	
1890	229	
1890.08	-111.817	
1890.17	58.3556	
1890.25	13.7	
1890.33	-9.35556	
1890.42	27.6778	
1890.5	10.5722	
1890.58	15.6	
1890.67	67.8833	
1890.75	71.3222	
1890.83	105.672	
1890.92	-120.778	
1891	-40	
1891.08	103.183	
1891.17	-75.6444	
1891.25	-50.3	
1891.33	-44.3556	
1891.42	-91.3222	
1891.5	-8.42778	
1891.58	7.6	
1891.67	71.8833	
1891.75	123.322	
1891.83	-34.3278	
1891.92	125.222	
1892	-54	
1892.08	-183.817	
1892.17	-86.6444	
1892.25	-41.3	
1892.33	-51.3556	
1892.42	-31.3222	
1892.5	-8.42778	
1892.58	-7.4	
1892.67	84.8833	
1892.75	-85.6778	
1892.83	32.6722	
1892.92	-79.7778	
1893	-170	
1893.08	93.1833	
1893.17	3.35556	
1893.25	-10.3	
1893.33	6.64444	
1893.42	-17.3222	
1893.5	-35.4278	
1893.58	-32.4	
1893.67	-5.11667	
1893.75	63.3222	
1893.83	-130.328	
1893.92	99.2222	
1894	60	
1894.08	215.183	
1894.17	90.3556	
1894.25	50.7	
1894.33	-59.3556	
1894.42	74.6778	
1894.5	-2.42778	
1894.58	-18.4	
1894.67	-121.117	
1894.75	-30.6778	
1894.83	138.672	
1894.92	11.2222	
1895	-205	
1895.08	-288.817	
1895.17	3.35556	
1895.25	-1.3	
1895.33	14.6444	
1895.42	-23.3222	
1895.5	13.5722	
1895.58	-0.4	
1895.67	35.8833	
1895.75	-42.6778	
1895.83	72.6722	
1895.92	-12.7778	
1896	-96	
1896.08	85.1833	
1896.17	85.3556	
1896.25	57.7	
1896.33	-32.3556	
1896.42	-17.3222	
1896.5	25.5722	
1896.58	-61.4	
1896.67	9.88333	
1896.75	-77.6778	
1896.83	-22.3278	
1896.92	94.2222	
1897	-189	
1897.08	109.183	
1897.17	96.3556	
1897.25	141.7	
1897.33	9.64444	
1897.42	-63.3222	
1897.5	5.57222	
1897.58	44.6	
1897.67	2.88333	
1897.75	25.3222	
1897.83	-30.3278	
1897.92	48.2222	
1898	82	
1898.08	68.1833	
1898.17	-109.644	
1898.25	119.7	
1898.33	-12.3556	
1898.42	0.677778	
1898.5	-36.4278	
1898.58	59.6	
1898.67	21.8833	
1898.75	44.3222	
1898.83	9.67222	
1898.92	125.222	
1899	-17	
1899.08	-25.8167	
1899.17	-97.6444	
1899.25	-9.3	
1899.33	-49.3556	
1899.42	3.67778	
1899.5	43.5722	
1899.58	-56.4	
1899.67	15.8833	
1899.75	69.3222	
1899.83	79.6722	
1899.92	-60.7778	
1900	64	
1900.08	-192.817	
1900.17	-206.644	
1900.25	56.7	
1900.33	-2.35556	
1900.42	-23.3222	
1900.5	-11.4278	
1900.58	-21.4	
1900.67	51.8833	
1900.75	27.3222	
1900.83	50.6722	
1900.92	158.222	
1901	26	
1901.08	-231.817	
1901.17	-44.6444	
1901.25	79.7	
1901.33	-22.3556	
1901.42	33.6778	
1901.5	-6.42778	
1901.58	0.6	
1901.67	49.8833	
1901.75	67.3222	
1901.83	-109.328	
1901.92	-73.7778	
1902	-6	
1902.08	-124.817	
1902.17	31.3556	
1902.25	-42.3	
1902.33	-14.3556	
1902.42	-95.3222	
1902.5	-63.4278	
1902.58	-25.4	
1902.67	-51.1167	
1902.75	69.3222	
1902.83	41.6722	
1902.92	42.2222	
1903	61	
1903.08	224.183	
1903.17	239.356	
1903.25	-27.3	
1903.33	24.6444	
1903.42	-77.3222	
1903.5	-14.4278	
1903.58	43.6	
1903.67	-8.11667	
1903.75	34.3222	
1903.83	32.6722	
1903.92	-30.7778	
1904	119	
1904.08	34.1833	
1904.17	-16.6444	
1904.25	101.7	
1904.33	52.6444	
1904.42	-9.32222	
1904.5	-5.42778	
1904.58	-36.4	
1904.67	9.88333	
1904.75	93.3222	
1904.83	-13.3278	
1904.92	7.22222	
1905	52	
1905.08	35.1833	
1905.17	132.356	
1905.25	-66.3	
1905.33	-1.35556	
1905.42	-36.3222	
1905.5	16.5722	
1905.58	-16.4	
1905.67	10.8833	
1905.75	-78.6778	
1905.83	-2.32778	
1905.92	76.2222	
1906	138	
1906.08	29.1833	
1906.17	-33.6444	
1906.25	51.7	
1906.33	-67.3556	
1906.42	-41.3222	
1906.5	53.5722	
1906.58	-35.4	
1906.67	-22.1167	
1906.75	116.322	
1906.83	9.67222	
1906.92	-21.7778	
1907	3	
1907.08	39.1833	
1907.17	125.356	
1907.25	39.7	
1907.33	-49.3556	
1907.42	23.6778	
1907.5	-64.4278	
1907.58	4.6	
1907.67	6.88333	
1907.75	16.3222	
1907.83	19.6722	
1907.92	46.2222	
1908	7	
1908.08	39.1833	
1908.17	40.3556	
1908.25	-87.3	
1908.33	61.6444	
1908.42	17.6778	
1908.5	-26.4278	
1908.58	-8.4	
1908.67	27.8833	
1908.75	84.3222	
1908.83	0.672222	
1908.92	64.2222	
1909	73	
1909.08	-71.8167	
1909.17	-133.644	
1909.25	-0.3	
1909.33	-43.3556	
1909.42	-69.3222	
1909.5	48.5722	
1909.58	48.6	
1909.67	-65.1167	
1909.75	114.322	
1909.83	-65.3278	
1909.92	-36.7778	
1910	112	
1910.08	203.183	
1910.17	26.3556	
1910.25	-16.3	
1910.33	7.64444	
1910.42	-17.3222	
1910.5	-40.4278	
1910.58	-46.4	
1910.67	-48.1167	
1910.75	-1.67778	
1910.83	-90.3278	
1910.92	-6.77778	
1911	-3	
1911.08	59.1833	
1911.17	-85.6444	
1911.25	-30.3	
1911.33	82.6444	
1911.42	-19.3222	
1911.5	-25.4278	
1911.58	-15.4	
1911.67	32.8833	
1911.75	-35.6778	
1911.83	24.6722	
1911.92	158.222	
1912	-89	
1912.08	-29.8167	
1912.17	106.356	
1912.25	-20.3	
1912.33	49.6444	
1912.42	-25.3222	
1912.5	-32.4278	
1912.58	-34.4	
1912.67	-98.1167	
1912.75	95.3222	
1912.83	30.6722	
1912.92	150.222	
1913	88	
1913.08	19.1833	
1913.17	165.356	
1913.25	82.7	
1913.33	28.6444	
1913.42	16.6778	
1913.5	-39.4278	
1913.58	1.6	
1913.67	-62.1167	
1913.75	23.3222	
1913.83	213.672	
1913.92	23.2222	
1914	1	
1914.08	138.183	
1914.17	68.3556	
1914.25	69.7	
1914.33	67.6444	
1914.42	27.6778	
1914.5	-21.4278	
1914.58	3.6	
1914.67	1.88333	
1914.75	33.3222	
1914.83	-14.3278	
1914.92	112.222	
1915	-7	
1915.08	57.1833	
1915.17	-119.644	
1915.25	90.7	
1915.33	-67.3556	
1915.42	-57.3222	
1915.5	-9.42778	
1915.58	-50.4	
1915.67	-85.1167	
1915.75	48.3222	
1915.83	-121.328	
1915.92	-85.7778	
1916	173	
1916.08	82.1833	
1916.17	-206.644	
1916.25	35.7	
1916.33	-10.3556	
1916.42	-57.3222	
1916.5	-6.42778	
1916.58	-18.4	
1916.67	-57.1167	
1916.75	154.322	
1916.83	0.672222	
1916.92	-95.7778	
1917	-219	
1917.08	-130.817	
1917.17	-25.6444	
1917.25	-51.3	
1917.33	-37.3556	
1917.42	16.6778	
1917.5	-37.4278	
1917.58	-12.4	
1917.67	76.8833	
1917.75	108.322	
1917.83	68.6722	
1917.92	-179.778	
1918	-115	
1918.08	171.183	
1918.17	26.3556	
1918.25	-58.3	
1918.33	20.6444	
1918.42	36.6778	
1918.5	-52.4278	
1918.58	9.6	
1918.67	-2.11667	
1918.75	112.322	
1918.83	51.6722	
1918.92	77.2222	
1919	-22	
1919.08	-76.8167	
1919.17	-45.6444	
1919.25	44.7	
1919.33	51.6444	
1919.42	58.6778	
1919.5	-40.4278	
1919.58	46.6	
1919.67	4.88333	
1919.75	-71.6778	
1919.83	-99.3278	
1919.92	139.222	
1920	132	
1920.08	40.1833	
1920.17	179.356	
1920.25	-21.3	
1920.33	71.6444	
1920.42	-21.3222	
1920.5	63.5722	
1920.58	-39.4	
1920.67	38.8833	
1920.75	44.3222	
1920.83	100.672	
1920.92	-50.7778	
1921	125	
1921.08	-31.8167	
1921.17	170.356	
1921.25	-1.3	
1921.33	33.6444	
1921.42	-38.3222	
1921.5	-7.42778	
1921.58	-9.4	
1921.67	-13.1167	
1921.75	63.3222	
1921.83	-48.3278	
1921.92	97.2222	
1922	21	
1922.08	176.183	
1922.17	-35.6444	
1922.25	-13.3	
1922.33	64.6444	
1922.42	65.6778	
1922.5	34.5722	
1922.58	14.6	
1922.67	-14.1167	
1922.75	-84.6778	
1922.83	-27.3278	
1922.92	53.2222	
1923	47	
1923.08	138.183	
1923.17	-8.64444	
1923.25	-27.3	
1923.33	-3.35556	
1923.42	5.67778	
1923.5	64.5722	
1923.58	15.6	
1923.67	60.8833	
1923.75	167.322	
1923.83	-65.3278	
1923.92	20.2222	
1924	54	
1924.08	-129.817	
1924.17	-101.644	
1924.25	-52.3	
1924.33	-1.35556	
1924.42	-40.3222	
1924.5	56.5722	
1924.58	29.6	
1924.67	52.8833	
1924.75	108.322	
1924.83	0.672222	
1924.92	224.222	
1925	171	
1925.08	76.1833	
1925.17	-126.644	
1925.25	76.7	
1925.33	69.6444	
1925.42	-12.3222	
1925.5	30.5722	
1925.58	18.6	
1925.67	-11.1167	
1925.75	29.3222	
1925.83	-102.328	
1925.92	-86.7778	
1926	81	
1926.08	80.1833	
1926.17	11.3556	
1926.25	65.7	
1926.33	-27.3556	
1926.42	-28.3222	
1926.5	19.5722	
1926.58	30.6	
1926.67	24.8833	
1926.75	-105.678	
1926.83	55.6722	
1926.92	-74.7778	
1927	91	
1927.08	11.1833	
1927.17	129.356	
1927.25	34.7	
1927.33	-61.3556	
1927.42	-29.3222	
1927.5	1.57222	
1927.58	15.6	
1927.67	-29.1167	
1927.75	-25.6778	
1927.83	-23.3278	
1927.92	-174.778	
1928	171	
1928.08	146.183	
1928.17	-50.6444	
1928.25	62.7	
1928.33	-91.3556	
1928.42	-32.3222	
1928.5	49.5722	
1928.58	-38.4	
1928.67	-26.1167	
1928.75	86.3222	
1928.83	75.6722	
1928.92	-6.77778	
1929	-203	
1929.08	-15.8167	
1929.17	-50.6444	
1929.25	-134.3	
1929.33	35.6444	
1929.42	2.67778	
1929.5	-20.4278	
1929.58	-10.4	
1929.67	41.8833	
1929.75	95.3222	
1929.83	126.672	
1929.92	213.222	
1930	116	
1930.08	-90.8167	
1930.17	-53.6444	
1930.25	-53.3	
1930.33	66.6444	
1930.42	60.6778	
1930.5	-2.42778	
1930.58	22.6	
1930.67	-91.1167	
1930.75	113.322	
1930.83	59.6722	
1930.92	70.2222	
1931	-59	
1931.08	29.1833	
1931.17	-120.644	
1931.25	13.7	
1931.33	-20.3556	
1931.42	-30.3222	
1931.5	28.5722	
1931.58	-61.4	
1931.67	-91.1167	
1931.75	62.3222	
1931.83	182.672	
1931.92	-1.77778	
1932	145	
1932.08	-291.817	
1932.17	-86.6444	
1932.25	-18.3	
1932.33	-54.3556	
1932.42	-41.3222	
1932.5	15.5722	
1932.58	34.6	
1932.67	-0.116667	
1932.75	76.3222	
1932.83	49.6722	
1932.92	66.2222	
1933	113	
1933.08	-178.817	
1933.17	67.3556	
1933.25	-40.3	
1933.33	-10.3556	
1933.42	10.6778	
1933.5	34.5722	
1933.58	55.6	
1933.67	-41.1167	
1933.75	-14.6778	
1933.83	-92.3278	
1933.92	-117.778	
1934	136	
1934.08	-47.8167	
1934.17	37.3556	
1934.25	-61.3	
1934.33	79.6444	
1934.42	-56.3222	
1934.5	-1.42778	
1934.58	46.6	
1934.67	91.8833	
1934.75	97.3222	
1934.83	-36.3278	
1934.92	49.2222	
1935	-99	
1935.08	126.183	
1935.17	3.35556	
1935.25	-49.3	
1935.33	-108.356	
1935.42	40.6778	
1935.5	76.5722	
1935.58	10.6	
1935.67	17.8833	
1935.75	140.322	
1935.83	86.6722	
1935.92	-96.7778	
1936	-127	
1936.08	-168.817	
1936.17	-42.6444	
1936.25	-62.3	
1936.33	-32.3556	
1936.42	11.6778	
1936.5	14.5722	
1936.58	33.6	
1936.67	-46.1167	
1936.75	104.322	
1936.83	14.6722	
1936.92	95.2222	
1937	138	
1937.08	63.1833	
1937.17	-142.644	
1937.25	71.7	
1937.33	80.6444	
1937.42	18.6778	
1937.5	32.5722	
1937.58	23.6	
1937.67	52.8833	
1937.75	-1.67778	
1937.83	-78.3278	
1937.92	-90.7778	
1938	136	
1938.08	-48.8167	
1938.17	157.356	
1938.25	-68.3	
1938.33	-8.35556	
1938.42	43.6778	
1938.5	42.5722	
1938.58	-17.4	
1938.67	12.8833	
1938.75	203.322	
1938.83	166.672	
1938.92	5.22222	
1939	-113	
1939.08	147.183	
1939.17	-10.6444	
1939.25	-5.3	
1939.33	-5.35556	
1939.42	-24.3222	
1939.5	-23.4278	
1939.58	20.6	
1939.67	-115.117	
1939.75	-35.6778	
1939.83	59.6722	
1939.92	-88.7778	
1940	-176	
1940.08	-91.8167	
1940.17	-51.6444	
1940.25	-2.3	
1940.33	30.6444	
1940.42	18.6778	
1940.5	-32.4278	
1940.58	1.6	
1940.67	-11.1167	
1940.75	27.3222	
1940.83	55.6722	
1940.92	6.22222	
1941	-259	
1941.08	-59.8167	
1941.17	-101.644	
1941.25	-100.3	
1941.33	-25.3556	
1941.42	5.67778	
1941.5	38.5722	
1941.58	-19.4	
1941.67	-29.1167	
1941.75	-18.6778	
1941.83	35.6722	
1941.92	33.2222	
1942	14	
1942.08	-231.817	
1942.17	-41.6444	
1942.25	-22.3	
1942.33	25.6444	
1942.42	-46.3222	
1942.5	12.5722	
1942.58	11.6	
1942.67	45.8833	
1942.75	85.3222	
1942.83	-90.3278	
1942.92	75.2222	
1943	36	
1943.08	98.1833	
1943.17	19.3556	
1943.25	132.7	
1943.33	38.6444	
1943.42	22.6778	
1943.5	5.57222	
1943.58	-42.4	
1943.67	33.8833	
1943.75	117.322	
1943.83	-22.3278	
1943.92	-27.7778	
1944	139	
1944.08	-148.817	
1944.17	-71.6444	
1944.25	26.7	
1944.33	9.64444	
1944.42	-35.3222	
1944.5	-55.4278	
1944.58	16.6	
1944.67	8.88333	
1944.75	64.3222	
1944.83	36.6722	
1944.92	10.2222	
1945	-231	
1945.08	210.183	
1945.17	84.3556	
1945.25	9.7	
1945.33	13.6444	
1945.42	16.6778	
1945.5	-14.4278	
1945.58	-22.4	
1945.67	36.8833	
1945.75	25.3222	
1945.83	-67.3278	
1945.92	-35.7778	
1946	81	
1946.08	-29.8167	
1946.17	-20.6444	
1946.25	39.7	
1946.33	-80.3556	
1946.42	71.6778	
1946.5	54.5722	
1946.58	17.6	
1946.67	53.8833	
1946.75	-19.6778	
1946.83	-54.3278	
1946.92	55.2222	
1947	28	
1947.08	-320.817	
1947.17	-88.6444	
1947.25	181.7	
1947.33	-0.355556	
1947.42	24.6778	
1947.5	32.5722	
1947.58	-26.4	
1947.67	43.8833	
1947.75	33.3222	
1947.83	-48.3278	
1947.92	-92.7778	
1948	95	
1948.08	-18.8167	
1948.17	157.356	
1948.25	0.7	
1948.33	-20.3556	
1948.42	-17.3222	
1948.5	2.57222	
1948.58	-11.4	
1948.67	16.8833	
1948.75	104.322	
1948.83	66.6722	
1948.92	39.2222	
1949	40	
1949.08	182.183	
1949.17	-65.6444	
1949.25	110.7	
1949.33	-26.3556	
1949.42	-43.3222	
1949.5	-37.4278	
1949.58	8.6	
1949.67	-41.1167	
1949.75	108.322	
1949.83	62.6722	
1949.92	11.2222	
1950	14	
1950.08	138.183	
1950.17	20.3556	
1950.25	59.7	
1950.33	-60.3556	
1950.42	37.6778	
1950.5	20.5722	
1950.58	39.6	
1950.67	86.8833	
1950.75	118.322	
1950.83	26.6722	
1950.92	-128.778	
1951	32	
1951.08	32.1833	
1951.17	-117.644	
1951.25	-31.3	
1951.33	-72.3556	
1951.42	-38.3222	
1951.5	13.5722	
1951.58	33.6	
1951.67	29.8833	
1951.75	98.3222	
1951.83	-19.3278	
1951.92	154.222	
1952	22	
1952.08	-68.8167	
1952.17	-64.6444	
1952.25	94.7	
1952.33	-38.3556	
1952.42	8.67778	
1952.5	-17.4278	
1952.58	-28.4	
1952.67	-101.117	
1952.75	93.3222	
1952.83	-94.3278	
1952.92	-68.7778	
1953	-49	
1953.08	-24.8167	
1953.17	28.3556	
1953.25	-67.3	
1953.33	-27.3556	
1953.42	-22.3222	
1953.5	15.5722	
1953.58	55.6	
1953.67	40.8833	
1953.75	135.322	
1953.83	167.672	
1953.92	30.2222	
1954	-57	
1954.08	16.1833	
1954.17	11.3556	
1954.25	-23.3	
1954.33	-36.3556	
1954.42	-0.322222	
1954.5	42.5722	
1954.58	-13.4	
1954.67	53.8833	
1954.75	159.322	
1954.83	129.672	
1954.92	68.2222	
1955	-100	
1955.08	-169.817	
1955.17	-171.644	
1955.25	64.7	
1955.33	1.64444	
1955.42	0.677778	
1955.5	0.572222	
1955.58	23.6	
1955.67	78.8833	
1955.75	-21.6778	
1955.83	-98.3278	
1955.92	-4.77778	
1956	-80	
1956.08	-216.817	
1956.17	9.35556	
1956.25	-67.3	
1956.33	142.644	
1956.42	-0.322222	
1956.5	-13.4278	
1956.58	-68.4	
1956.67	-18.1167	
1956.75	105.322	
1956.83	61.6722	
1956.92	109.222	
1957	118	
1957.08	-6.81667	
1957.17	15.3556	
1957.25	-25.3	
1957.33	-32.3556	
1957.42	-53.3222	
1957.5	-43.4278	
1957.58	0.6	
1957.67	-67.1167	
1957.75	174.322	
1957.83	-80.3278	
1957.92	-6.77778	
1958	-11	
1958.08	-82.8167	
1958.17	-99.6444	
1958.25	38.7	
1958.33	-17.3556	
1958.42	-49.3222	
1958.5	-33.4278	
1958.58	9.6	
1958.67	-5.11667	
1958.75	131.322	
1958.83	35.6722	
1958.92	-82.7778	
1959	-177	
1959.08	79.1833	
1959.17	120.356	
1959.25	39.7	
1959.33	-47.3556	
1959.42	38.6778	
1959.5	21.5722	
1959.58	6.6	
1959.67	-10.1167	
1959.75	142.322	
1959.83	23.6722	
1959.92	110.222	
1960	-114	
1960.08	-122.817	
1960.17	-44.6444	
1960.25	57.7	
1960.33	17.6444	
1960.42	-8.32222	
1960.5	17.5722	
1960.58	-82.4	
1960.67	16.8833	
1960.75	-67.6778	
1960.83	62.6722	
1960.92	38.2222	
1961	35	
1961.08	157.183	
1961.17	78.3556	
1961.25	18.7	
1961.33	-7.35556	
1961.42	92.6778	
1961.5	-3.42778	
1961.58	59.6	
1961.67	99.8833	
1961.75	130.322	
1961.83	-41.3278	
1961.92	-147.778	
1962	129	
1962.08	-43.8167	
1962.17	-237.644	
1962.25	6.7	
1962.33	-22.3556	
1962.42	34.6778	
1962.5	-64.4278	
1962.58	23.6	
1962.67	6.88333	
1962.75	65.3222	
1962.83	-85.3278	
1962.92	-64.7778	
1963	-341	
1963.08	-144.817	
1963.17	131.356	
1963.25	-5.3	
1963.33	119.644	
1963.42	-33.3222	
1963.5	-12.4278	
1963.58	-25.4	
1963.67	49.8833	
1963.75	203.322	
1963.83	-3.32778	
1963.92	-175.778	
1964	-36	
1964.08	-65.8167	
1964.17	-36.6444	
1964.25	15.7	
1964.33	91.6444	
1964.42	-7.32222	
1964.5	61.5722	
1964.58	-74.4	
1964.67	-5.11667	
1964.75	87.3222	
1964.83	38.6722	
1964.92	-62.7778	
1965	-26	
1965.08	-285.817	
1965.17	-35.6444	
1965.25	66.7	
1965.33	-21.3556	
1965.42	42.6778	
1965.5	-50.4278	
1965.58	29.6	
1965.67	-7.11667	
1965.75	47.3222	
1965.83	-132.328	
1965.92	36.2222	
1966	-124	
1966.08	-72.8167	
1966.17	25.3556	
1966.25	25.7	
1966.33	66.6444	
1966.42	40.6778	
1966.5	-23.4278	
1966.58	-60.4	
1966.67	-16.1167	
1966.75	-55.6778	
1966.83	-17.3278	
1966.92	71.2222	
1967	-102	
1967.08	81.1833	
1967.17	147.356	
1967.25	-18.3	
1967.33	-11.3556	
1967.42	56.6778	
1967.5	25.5722	
1967.58	-7.4	
1967.67	20.8833	
1967.75	151.322	
1967.83	-15.3278	
1967.92	-85.7778	
1968	13	
1968.08	-127.817	
1968.17	34.3556	
1968.25	-42.3	
1968.33	-69.3556	
1968.42	45.6778	
1968.5	-96.4278	
1968.58	-41.4	
1968.67	-5.11667	
1968.75	29.3222	
1968.83	-50.3278	
1968.92	-116.778	
1969	-145	
1969.08	-220.817	
1969.17	-102.644	
1969.25	22.7	
1969.33	-29.3556	
1969.42	19.6778	
1969.5	69.5722	
1969.58	-18.4	
1969.67	23.8833	
1969.75	131.322	
1969.83	-40.3278	
1969.92	-33.7778	
1970	-60	
1970.08	-4.81667	
1970.17	-112.644	
1970.25	43.7	
1970.33	86.6444	
1970.42	3.67778	
1970.5	20.5722	
1970.58	-0.4	
1970.67	27.8833	
1970.75	47.3222	
1970.83	19.6722	
1970.92	-136.778	
1971	-43	
1971.08	37.1833	
1971.17	-83.6444	
1971.25	-77.3	
1971.33	50.6444	
1971.42	-65.3222	
1971.5	-37.4278	
1971.58	22.6	
1971.67	-16.1167	
1971.75	110.322	
1971.83	-62.3278	
1971.92	19.2222	
1972	-14	
1972.08	-20.8167	
1972.17	39.3556	
1972.25	10.7	
1972.33	51.6444	
1972.42	76.6778	
1972.5	14.5722	
1972.58	-7.4	
1972.67	-94.1167	
1972.75	11.3222	
1972.83	38.6722	
1972.92	123.222	
1973	36	
1973.08	36.1833	
1973.17	49.3556	
1973.25	-117.3	
1973.33	-2.35556	
1973.42	52.6778	
1973.5	-18.4278	
1973.58	30.6	
1973.67	-14.1167	
1973.75	0.322222	
1973.83	-51.3278	
1973.92	-96.7778	
1974	239	
1974.08	21.1833	
1974.17	-27.6444	
1974.25	-72.3	
1974.33	19.6444	
1974.42	22.6778	
1974.5	33.5722	
1974.58	6.6	
1974.67	31.8833	
1974.75	-13.6778	
1974.83	57.6722	
1974.92	122.222	
1975	122	
1975.08	-20.8167	
1975.17	-64.6444	
1975.25	-40.3	
1975.33	-83.3556	
1975.42	-8.32222	
1975.5	22.5722	
1975.58	-8.4	
1975.67	56.8833	
1975.75	60.3222	
1975.83	41.6722	
1975.92	-99.7778	
1976	0	
1976.08	60.1833	
1976.17	123.356	
1976.25	-47.3	
1976.33	89.6444	
1976.42	57.6778	
1976.5	-24.4278	
1976.58	-13.4	
1976.67	-122.117	
1976.75	110.322	
1976.83	59.6722	
1976.92	-200.778	
1977	-177	
1977.08	-46.8167	
1977.17	41.3556	
1977.25	15.7	
1977.33	-63.3556	
1977.42	-30.3222	
1977.5	-22.4278	
1977.58	-40.4	
1977.67	13.8833	
1977.75	123.322	
1977.83	16.6722	
1977.92	-21.7778	
1978	5	
1978.08	-141.817	
1978.17	174.356	
1978.25	-110.3	
1978.33	37.6444	
1978.42	13.6778	
1978.5	-30.4278	
1978.58	-29.4	
1978.67	35.8833	
1978.75	70.3222	
1978.83	165.672	
1978.92	-115.778	
1979	-214	
1979.08	-61.8167	
1979.17	33.3556	
1979.25	-60.3	
1979.33	7.64444	
1979.42	25.6778	
1979.5	27.5722	
1979.58	-10.4	
1979.67	37.8833	
1979.75	51.3222	
1979.83	99.6722	
1979.92	100.222	
1980	-153	
1980.08	-3.81667	
1980.17	-37.6444	
1980.25	-1.3	
1980.33	-68.3556	
1980.42	2.67778	
1980.5	-36.4278	
1980.58	-18.4	
1980.67	51.8833	
1980.75	18.3222	
1980.83	-114.328	
1980.92	43.2222	
1981	-31	
1981.08	33.1833	
1981.17	9.35556	
1981.25	-113.3	
1981.33	22.6444	
1981.42	-31.3222	
1981.5	21.5722	
1981.58	10.6	
1981.67	21.8833	
1981.75	18.3222	
1981.83	27.6722	
1981.92	-126.778	
1982	-98	
1982.08	132.183	
1982.17	107.356	
1982.25	-21.3	
1982.33	25.6444	
1982.42	-60.3222	
1982.5	-12.4278	
1982.58	30.6	
1982.67	59.8833	
1982.75	109.322	
1982.83	106.672	
1982.92	113.222	
1983	218	
1983.08	-146.817	
1983.17	93.3556	
1983.25	-47.3	
1983.33	-11.3556	
1983.42	23.6778	
1983.5	2.57222	
1983.58	1.6	
1983.67	-28.1167	
1983.75	149.322	
1983.83	-94.3278	
1983.92	25.2222	
1984	124	
1984.08	61.1833	
1984.17	-134.644	
1984.25	20.7	
1984.33	-14.3556	
1984.42	-8.32222	
1984.5	-7.42778	
1984.58	1.6	
1984.67	-4.11667	
1984.75	134.322	
1984.83	11.6722	
1984.92	72.2222	
1985	-222	
1985.08	-70.8167	
1985.17	-14.6444	
1985.25	6.7	
1985.33	-39.3556	
1985.42	-20.3222	
1985.5	20.5722	
1985.58	36.6	
1985.67	-18.1167	
1985.75	66.3222	
1985.83	-119.328	
1985.92	-73.7778	
1986	46	
1986.08	-289.817	
1986.17	191.356	
1986.25	-28.3	
1986.33	96.6444	
1986.42	-5.32222	
1986.5	16.5722	
1986.58	-77.4	
1986.67	-67.1167	
1986.75	208.322	
1986.83	168.672	
1986.92	144.222	
1987	-189	
1987.08	-57.8167	
1987.17	5.35556	
1987.25	75.7	
1987.33	-43.3556	
1987.42	-44.3222	
1987.5	-11.4278	
1987.58	-77.4	
1987.67	61.8833	
1987.75	70.3222	
1987.83	-24.3278	
1987.92	-58.7778	
1988	14	
1988.08	-58.8167	
1988.17	16.3556	
1988.25	-92.3	
1988.33	0.644444	
1988.42	-28.3222	
1988.5	37.5722	
1988.58	52.6	
1988.67	22.8833	
1988.75	-8.67778	
1988.83	-59.3278	
1988.92	51.2222	
1989	167	
1989.08	184.183	
1989.17	171.356	
1989.25	-11.3	
1989.33	59.6444	
1989.42	-1.32222	
1989.5	-5.42778	
1989.58	77.6	
1989.67	29.8833	
1989.75	118.322	
1989.83	-98.3278	
1989.92	-105.778	
1990	209	
1990.08	292.183	
1990.17	153.356	
1990.25	74.7	
1990.33	-58.3556	
1990.42	18.6778	
1990.5	21.5722	
1990.58	48.6	
1990.67	-6.11667	
1990.75	79.3222	
1990.83	-71.3278	
1990.92	26.2222	
1991	66	
1991.08	-37.8167	
1991.17	-50.6444	
1991.25	34.7	
1991.33	-31.3556	
1991.42	-16.3222	
1991.5	-6.42778	
1991.58	71.6	
1991.67	-12.1167	
1991.75	3.32222	
1991.83	92.6722	
1991.92	14.2222	
1992	-36	
1992.08	151.183	
1992.17	87.3556	
1992.25	44.7	
1992.33	42.6444	
1992.42	-23.3222	
1992.5	22.5722	
1992.58	81.6	
1992.67	24.8833	
1992.75	-63.6778	
1992.83	210.672	
1992.92	22.2222	
1993	201	
1993.08	-62.8167	
1993.17	94.3556	
1993.25	31.7	
1993.33	-74.3556	
1993.42	-0.322222	
1993.5	-14.4278	
1993.58	-6.4	
1993.67	-61.1167	
1993.75	-119.678	
1993.83	97.6722	
1993.92	92.2222	
1994	43	
1994.08	-36.8167	
1994.17	226.356	
1994.25	32.7	
1994.33	-19.3556	
1994.42	91.6778	
1994.5	37.5722	
1994.58	-34.4	
1994.67	-52.1167	
1994.75	12.3222	
1994.83	77.6722	
1994.92	128.222	
1995	110	
1995.08	152.183	
1995.17	69.3556	
1995.25	-92.3	
1995.33	-12.3556	
1995.42	-67.3222	
1995.5	2.57222	
1995.58	-20.4	
1995.67	-39.1167	
1995.75	124.322	
1995.83	-155.328	
1995.92	-202.778	
1996	-150	
1996.08	-46.8167	
1996.17	-149.644	
1996.25	-9.3	
1996.33	-44.3556	
1996.42	26.6778	
1996.5	26.5722	
1996.58	2.6	
1996.67	-23.1167	
1996.75	118.322	
1996.83	-27.3278	
1996.92	-240.778	
1997	-151	
1997.08	267.183	
1997.17	97.3556	
1997.25	-48.3	
1997.33	-51.3556	
1997.42	-74.3222	
1997.5	12.5722	
1997.58	35.6	
1997.67	-5.11667	
1997.75	-19.6778	
1997.83	11.6722	
1997.92	-3.77778	
1998	-60	
1998.08	91.1833	
1998.17	26.3556	
1998.25	-23.3	
1998.33	-28.3556	
1998.42	-43.3222	
1998.5	1.57222	
1998.58	47.6	
1998.67	-78.1167	
1998.75	104.322	
1998.83	55.6722	
1998.92	101.222	
1999	46	
1999.08	60.1833	
1999.17	-34.6444	
1999.25	-17.3	
1999.33	58.6444	
1999.42	39.6778	
1999.5	-14.4278	
1999.58	-68.4	
1999.67	67.8833	
1999.75	57.3222	
1999.83	13.6722	
1999.92	90.2222	
2000	-51	
2000.08	201.183	
2000.17	4.35556	
2000.25	-113.3	
2000.33	46.6444	
2000.42	-3.32222	
2000.5	-55.4278	
2000.58	-5.4	
2000.67	12.8833	
2000.75	239.322	
2000.83	2.67222	
2000.92	-85.7778	
2001	-31	
2001.08	-73.8167	
2001.17	-32.6444	
2001.25	21.7	
2001.33	5.64444	
2001.42	-33.3222	
2001.5	-14.4278	
2001.58	39.6	
2001.67	-74.1167	
2001.75	126.322	
2001.83	5.67222	
2001.92	-174.778	
2002	83	
2002.08	119.183	
2002.17	15.3556	
2002.25	58.7	
2002.33	32.6444	
2002.42	43.6778	
2002.5	11.5722	
2002.58	-5.4	
2002.67	-93.1167	
2002.75	-7.67778	
2002.83	40.6722	
2002.92	-83.7778	
2003	-54	
2003.08	61.1833	
2003.17	52.3556	
2003.25	-60.3	
