1856	0.5840834
1856.08	0.6560833
1856.17	0.5232917
1856.25	0.4605000
1856.33	0.5331250
1856.42	0.4793750
1856.5	0.4521250
1856.58	0.3988333
1856.67	0.3230417
1856.75	4.0958334E-02
1856.83	-0.3208750
1856.92	-0.6630834
1857	-0.5136667
1857.08	-0.5501667
1857.17	-0.5942084
1857.25	-0.4492917
1857.33	-0.4239584
1857.42	-0.3534583
1857.5	-0.3826667
1857.58	-0.4380000
1857.67	-0.2658333
1857.75	-0.4044167
1857.83	-0.3678333
1857.92	-0.1151667
1858	-7.2500012E-03
1858.08	-5.1958334E-02
1858.17	-0.1795417
1858.25	-0.2693750
1858.33	-0.1901250
1858.42	-8.3208337E-02
1858.5	-3.9000005E-02
1858.58	3.6458336E-02
1858.67	-5.2541669E-02
1858.75	-0.1244583
1858.83	-0.1964584
1858.92	-0.3895834
1859	-0.4270000
1859.08	-0.2257084
1859.17	-8.0041677E-02
1859.25	-0.1731250
1859.33	4.7750007E-02
1859.42	6.6458337E-02
1859.5	0.1731667
1859.58	0.1237083
1859.67	-2.5374997E-02
1859.75	-7.6750003E-02
1859.83	-0.1910417
1859.92	-0.3212084
1860	-0.7064584
1860.08	-0.8875417
1860.17	-0.8792917
1860.25	-0.8722084
1860.33	-0.6922500
1860.42	-0.4872083
1860.5	-0.3905417
1860.58	-0.3898750
1860.67	-0.4159583
1860.75	-0.4427917
1860.83	-0.7910834
1860.92	-0.7463334
1861	-0.5109584
1861.08	-0.3969167
1861.17	-0.5925417
1861.25	-0.5391250
1861.33	-0.5611250
1861.42	-0.5055000
1861.5	-0.4161250
1861.58	-0.5435833
1861.67	-0.6634584
1861.75	-0.5951667
1861.83	-0.5729584
1861.92	-0.4389583
1862	-0.4377917
1862.08	-0.2539583
1862.17	2.4999997E-02
1862.25	0.2175833
1862.33	0.4356667
1862.42	0.2670833
1862.5	0.2312917
1862.58	6.3916668E-02
1862.67	-0.3571667
1862.75	-0.6775417
1862.83	-1.045458
1862.92	-0.7660000
1863	-0.4722084
1863.08	-0.2445000
1863.17	-0.2156250
1863.25	-9.2375003E-02
1863.33	-3.8208332E-02
1863.42	-4.6041667E-02
1863.5	7.6541670E-02
1863.58	0.2695833
1863.67	0.2106250
1863.75	0.2271250
1863.83	0.1628333
1863.92	0.1528333
1864	-3.6583338E-02
1864.08	-2.7791670E-02
1864.17	3.3333301E-04
1864.25	0.1410417
1864.33	0.2686667
1864.42	0.2359167
1864.5	0.5866667
1864.58	0.9725417
1864.67	0.9959584
1864.75	1.057333
1864.83	0.9483750
1864.92	0.9052083
1865	0.8270000
1865.08	0.8169584
1865.17	0.6749583
1865.25	0.6881667
1865.33	0.6738334
1865.42	0.6801251
1865.5	0.8345417
1865.58	0.8130000
1865.67	0.8700417
1865.75	0.9831668
1865.83	1.060000
1865.92	1.171292
1866	1.296875
1866.08	1.218250
1866.17	1.155250
1866.25	1.054625
1866.33	1.190000
1866.42	1.287125
1866.5	1.168667
1866.58	1.008958
1866.67	0.8068334
1866.75	0.7110834
1866.83	0.7058750
1866.92	0.6376667
1867	0.7804583
1867.08	0.8098751
1867.17	0.9152084
1867.25	0.9289584
1867.33	1.110250
1867.42	1.190958
1867.5	0.9927084
1867.58	0.8337917
1867.67	0.7964584
1867.75	0.5670000
1867.83	0.4151250
1867.92	0.4935417
1868	0.4638334
1868.08	0.4315833
1868.17	0.3597917
1868.25	0.2671250
1868.33	0.4682500
1868.42	0.5192084
1868.5	0.5402917
1868.58	0.7031667
1868.67	1.088625
1868.75	1.311125
1868.83	1.614500
1868.92	1.452292
1869	1.125958
1869.08	0.7597500
1869.17	0.3931250
1869.25	0.1795833
1869.33	-3.0666670E-02
1869.42	-0.1940833
1869.5	-0.3010834
1869.58	-0.7029167
1869.67	-1.221083
1869.75	-0.8794584
1869.83	-0.7967500
1869.92	-0.8012083
1870	-0.9654167
1870.08	-0.7483751
1870.17	-0.4341667
1870.25	-0.2154167
1870.33	-0.3744584
1870.42	-0.5193750
1870.5	-0.6695417
1870.58	-0.7093334
1870.67	-0.6903750
1870.75	-0.8416250
1870.83	-0.9341251
1870.92	-0.5644167
1871	-0.3582500
1871.08	-0.2924584
1871.17	-0.1435833
1871.25	-0.1496250
1871.33	-0.2742500
1871.42	-0.3724167
1871.5	-0.2715000
1871.58	-0.3378333
1871.67	-0.1756250
1871.75	-5.2208334E-02
1871.83	-5.0000013E-03
1871.92	-0.2188750
1872	-0.5075001
1872.08	-0.5333750
1872.17	-0.5465834
1872.25	-0.5988750
1872.33	-0.6535000
1872.42	-0.5886667
1872.5	-0.5147501
1872.58	-0.6217501
1872.67	-1.006250
1872.75	-0.9237084
1872.83	-0.8687084
1872.92	-0.7833750
1873	-0.7317083
1873.08	-0.8480834
1873.17	-0.8297084
1873.25	-0.6962501
1873.33	-0.4467084
1873.42	-0.3306667
1873.5	-0.1518750
1873.58	-0.3927917
1873.67	-0.3576667
1873.75	-0.6431251
1873.83	-1.021875
1873.92	-1.157500
1874	-0.9771250
1874.08	-1.094875
1874.17	-0.9694167
1874.25	-0.8380000
1874.33	-0.7487084
1874.42	-0.7400834
1874.5	-0.8526251
1874.58	-1.169375
1874.67	-1.008250
1874.75	-1.027667
1874.83	-1.241292
1874.92	-0.7857500
1875	-0.5002084
1875.08	-0.7718334
1875.17	-0.4692917
1875.25	-0.7503334
1875.33	-0.6111667
1875.42	-0.5960833
1875.5	-0.4154584
1875.58	-0.7095000
1875.67	-0.5875417
1875.75	-0.8797500
1875.83	-0.7973334
1875.92	-0.6422500
1876	-0.9426667
1876.08	-0.9870834
1876.17	-0.9531251
1876.25	-0.9444584
1876.33	-0.4892500
1876.42	-0.2585834
1876.5	-2.2625001E-02
1876.58	-3.9333332E-02
1876.67	-6.5291673E-02
1876.75	0.4621667
1876.83	0.4422500
1876.92	0.3955834
1877	0.6929584
1877.08	0.6441250
1877.17	0.7826667
1877.25	1.152708
1877.33	1.144458
1877.42	1.700083
1877.5	1.855333
1877.58	2.149458
1877.67	2.492959
1877.75	2.531792
1877.83	2.617208
1877.92	2.767667
1878	2.706458
1878.08	2.489792
1878.17	2.063375
1878.25	1.616333
1878.33	1.422458
1878.42	1.187625
1878.5	0.8755417
1878.58	0.4312917
1878.67	-7.9916663E-02
1878.75	-0.3452917
1878.83	-0.3299583
1878.92	-0.3771667
1879	-8.5000001E-02
1879.08	0.1258750
1879.17	-3.7000004E-02
1879.25	-5.0875004E-02
1879.33	-6.4750001E-02
1879.42	-0.2116250
1879.5	-0.3408750
1879.58	-0.7759584
1879.67	-0.5237917
1879.75	-0.5384583
1879.83	-0.6566667
1879.92	-0.9757084
1880	-1.141333
1880.08	-0.3616667
1880.17	-0.1692917
1880.25	-8.1583336E-02
1880.33	-0.1208750
1880.42	-0.2335833
1880.5	-0.4069167
1880.58	-0.1068750
1880.67	0.1981250
1880.75	0.4769167
1880.83	0.3572083
1880.92	0.4410000
1881	0.4243750
1881.08	0.2991667
1881.17	0.3142917
1881.25	0.4110417
1881.33	0.3185000
1881.42	0.1203750
1881.5	-3.9375000E-02
1881.58	9.3166672E-02
1881.67	1.0208331E-02
1881.75	-0.1216667
1881.83	-0.3246667
1881.92	-0.3718334
1882	-0.4365000
1882.08	-0.3974583
1882.17	-0.2572917
1882.25	-0.1872917
1882.33	-0.3114583
1882.42	-0.7723750
1882.5	-0.9150833
1882.58	-0.6934167
1882.67	-0.3923334
1882.75	-0.5960417
1882.83	-0.7107500
1882.92	-0.6322500
1883	-0.5949167
1883.08	-0.4695417
1883.17	-5.9458334E-02
1883.25	0.1316667
1883.33	0.1386667
1883.42	0.1852083
1883.5	0.2321250
1883.58	0.2109167
1883.67	8.8708334E-02
1883.75	-0.1018333
1883.83	5.2208338E-02
1883.92	-0.1726250
1884	-0.2718334
1884.08	-0.2463750
1884.17	0.1006250
1884.25	0.5180000
1884.33	0.4636250
1884.42	0.2621667
1884.5	0.2916667
1884.58	0.4677917
1884.67	0.4278334
1884.75	0.7608334
1884.83	0.7518750
1884.92	0.8725833
1885	0.7250001
1885.08	0.2949167
1885.17	0.4200417
1885.25	0.3786667
1885.33	0.1682500
1885.42	0.1327917
1885.5	-4.0250000E-02
1885.58	0.1744583
1885.67	0.5649583
1885.75	0.7364167
1885.83	0.7877501
1885.92	0.6388751
1886	7.1375005E-02
1886.08	-0.4070834
1886.17	-0.3071667
1886.25	-0.3339584
1886.33	-0.5292084
1886.42	-0.9582917
1886.5	-0.9317084
1886.58	-0.8658334
1886.67	-0.6600000
1886.75	-0.9444167
1886.83	-0.9131667
1886.92	-1.123500
1887	-0.9293334
1887.08	-0.8668334
1887.17	-0.6688750
1887.25	-0.5621667
1887.33	-0.1482917
1887.42	-1.8666666E-02
1887.5	-4.4166646E-03
1887.58	-0.3265834
1887.67	-1.3166666E-02
1887.75	3.2916653E-03
1887.83	0.2019167
1887.92	0.2922500
1888	0.5075834
1888.08	0.6724584
1888.17	0.5879584
1888.25	0.4784167
1888.33	0.8720834
1888.42	0.8656251
1888.5	0.8955417
1888.58	0.9285834
1888.67	1.491667
1888.75	1.800875
1888.83	1.976417
1888.92	2.133417
1889	2.080333
1889.08	1.609333
1889.17	1.285208
1889.25	0.9745001
1889.33	0.7251667
1889.42	0.2138750
1889.5	-0.2727083
1889.58	-0.9476667
1889.67	-0.7341250
1889.75	-1.057833
1889.83	-1.149708
1889.92	-1.107625
1890	-1.387458
1890.08	-0.8440834
1890.17	-0.8429584
1890.25	-0.5572917
1890.33	-0.4417084
1890.42	-0.5730000
1890.5	-0.6245000
1890.58	-0.6909584
1890.67	-0.6306250
1890.75	-0.9728750
1890.83	-0.8632084
1890.92	-0.2230833
1891	8.0833323E-03
1891.08	0.1995000
1891.17	0.1517917
1891.25	0.5333334
1891.33	0.6607917
1891.42	0.6017917
1891.5	0.4714167
1891.58	0.3405834
1891.67	-8.0291674E-02
1891.75	8.1125006E-02
1891.83	0.1595833
1891.92	-1.4874998E-02
1892	1.6916668E-02
1892.08	-4.2416666E-02
1892.17	-0.1315833
1892.25	-0.3770834
1892.33	-0.4273750
1892.42	-0.6754584
1892.5	-0.8216251
1892.58	-0.9602084
1892.67	-1.269583
1892.75	-1.720042
1892.83	-1.535750
1892.92	-1.372083
1893	-1.338000
1893.08	-1.466250
1893.17	-1.123500
1893.25	-1.090375
1893.33	-1.163208
1893.42	-1.078000
1893.5	-0.8739167
1893.58	-0.8139584
1893.67	-0.7962084
1893.75	-0.8024583
1893.83	-0.7873750
1893.92	-0.6128334
1894	-0.7223334
1894.08	-0.7022917
1894.17	-0.7405417
1894.25	-0.5448750
1894.33	-0.5567917
1894.42	-0.2485417
1894.5	-0.1227083
1894.58	-0.3525833
1894.67	-0.1917500
1894.75	-0.3084584
1894.83	-0.2570000
1894.92	-0.4374584
1895	-0.2952500
1895.08	-0.3299583
1895.17	-3.6875002E-02
1895.25	0.1225417
1895.33	0.2082084
1895.42	7.1833342E-02
1895.5	3.4249999E-02
1895.58	0.1906667
1895.67	0.5338334
1895.75	0.4949583
1895.83	0.8026667
1895.92	0.6525834
1896	0.4958333
1896.08	0.4000417
1896.17	0.4307083
1896.25	0.3883334
1896.33	0.3617917
1896.42	0.4791667
1896.5	0.8193334
1896.58	1.329792
1896.67	1.171667
1896.75	1.297125
1896.83	1.748625
1896.92	2.118833
1897	1.829625
1897.08	1.487750
1897.17	0.8815417
1897.25	0.4305000
1897.33	0.2119583
1897.42	9.6708342E-02
1897.5	5.3416669E-02
1897.58	-0.1760000
1897.67	-3.3958334E-02
1897.75	-0.2251667
1897.83	-0.4400000
1897.92	-0.3957084
1898	-0.2940833
1898.08	-0.4296667
1898.17	-0.4913750
1898.25	-0.1282083
1898.33	-0.1783750
1898.42	-0.2380833
1898.5	-0.3857500
1898.58	-0.5320417
1898.67	-0.4879167
1898.75	-0.5490834
1898.83	-0.6995834
1898.92	-0.7157084
1899	-0.5652917
1899.08	-0.3799584
1899.17	-0.1103333
1899.25	0.2863334
1899.33	0.5398334
1899.42	0.6046250
1899.5	0.7571667
1899.58	1.064542
1899.67	1.128333
1899.75	1.298375
1899.83	1.327333
1899.92	1.540083
1900	1.431417
1900.08	1.351583
1900.17	1.038333
1900.25	1.026667
1900.33	0.9553334
1900.42	0.8507084
1900.5	0.7727084
1900.58	0.6228750
1900.67	0.4963334
1900.75	0.5059167
1900.83	0.2985000
1900.92	0.5063334
1901	0.3273750
1901.08	0.1361250
1901.17	-0.1123750
1901.25	1.2583335E-02
1901.33	-9.8666668E-02
1901.42	-0.2424167
1901.5	-0.3941250
1901.58	-0.3142500
1901.67	-0.2810833
1901.75	-9.8124996E-02
1901.83	-9.3250006E-02
1901.92	-1.6250025E-03
1902	0.2580833
1902.08	0.4116667
1902.17	0.4911250
1902.25	0.6415000
1902.33	0.8915833
1902.42	1.180208
1902.5	1.549333
1902.58	1.597583
1902.67	1.634208
1902.75	1.550208
1902.83	1.778667
1902.92	1.554833
1903	1.133708
1903.08	0.8522917
1903.17	0.5903333
1903.25	0.2387500
1903.33	-2.2041667E-02
1903.42	-0.2978750
1903.5	-0.4165000
1903.58	-0.4931667
1903.67	-0.5708750
1903.75	-0.5977917
1903.83	-0.7731667
1903.92	-0.9750417
1904	-0.6440833
1904.08	-0.4280000
1904.17	-0.2572083
1904.25	1.0875000E-02
1904.33	0.2477084
1904.42	0.3547917
1904.5	0.6286667
1904.58	0.7090834
1904.67	0.5278333
1904.75	0.7075000
1904.83	0.7598334
1904.92	0.9316251
1905	1.019167
1905.08	0.8944167
1905.17	1.034833
1905.25	1.164208
1905.33	1.537708
1905.42	1.602917
1905.5	1.505667
1905.58	1.491333
1905.67	1.676708
1905.75	1.574875
1905.83	1.520417
1905.92	1.506417
1906	1.362167
1906.08	0.9341251
1906.17	0.4799584
1906.25	0.6007917
1906.33	0.1574167
1906.42	5.4291662E-02
1906.5	-0.2418750
1906.58	-0.7842917
1906.67	-0.5009583
1906.75	-0.5591250
1906.83	-0.5752917
1906.92	-0.4164167
1907	-0.4061250
1907.08	-0.3838750
1907.17	-0.1826250
1907.25	2.7749997E-02
1907.33	0.1956250
1907.42	0.4246250
1907.5	0.4140000
1907.58	0.1697500
1907.67	9.3208335E-02
1907.75	-1.3416667E-02
1907.83	-0.2274167
1907.92	0.1665833
1908	-7.6125003E-02
1908.08	-0.1080833
1908.17	-0.3264167
1908.25	-0.5873333
1908.33	-0.5269583
1908.42	-0.3969167
1908.5	-0.6345834
1908.58	-0.4517917
1908.67	-0.5971250
1908.75	-0.6689584
1908.83	-0.8442500
1908.92	-1.075167
1909	-0.8266667
1909.08	-0.6670001
1909.17	-0.5110000
1909.25	-0.3935000
1909.33	-0.3318750
1909.42	-0.4347917
1909.5	-0.4260834
1909.58	-0.4435417
1909.67	-0.5923334
1909.75	-0.9321667
1909.83	-1.226875
1909.92	-1.026750
1910	-0.9135417
1910.08	-0.9789167
1910.17	-0.9697500
1910.25	-1.154583
1910.33	-1.004042
1910.42	-0.6498750
1910.5	-0.6107500
1910.58	-0.8955000
1910.67	-0.5580417
1910.75	-0.5992084
1910.83	-0.6202917
1910.92	-0.5151667
1911	-0.4992917
1911.08	-0.8353750
1911.17	-0.7784167
1911.25	-0.6631667
1911.33	-0.2131250
1911.42	0.1304583
1911.5	0.3517084
1911.58	0.5590417
1911.67	0.7210833
1911.75	0.9848750
1911.83	1.256125
1911.92	1.547542
1912	1.391042
1912.08	1.138958
1912.17	0.8085417
1912.25	0.7455834
1912.33	0.4713750
1912.42	0.2027917
1912.5	-0.1590000
1912.58	-0.2946667
1912.67	-0.1462917
1912.75	-1.7583333E-02
1912.83	2.7333332E-02
1912.92	-3.4875002E-02
1913	0.3362500
1913.08	0.3775834
1913.17	-4.7041669E-02
1913.25	-0.2415833
1913.33	-0.1526667
1913.42	0.1026667
1913.5	0.2762917
1913.58	0.3826667
1913.67	0.4737084
1913.75	0.6095001
1913.83	0.8270000
1913.92	1.058167
1914	1.061042
1914.08	0.7104584
1914.17	0.7070417
1914.25	1.003500
1914.33	0.8069584
1914.42	0.4959167
1914.5	0.7023751
1914.58	1.031000
1914.67	1.057417
1914.75	1.202125
1914.83	1.358708
1914.92	1.464042
1915	1.508792
1915.08	1.496000
1915.17	1.468292
1915.25	1.344417
1915.33	1.323167
1915.42	1.216000
1915.5	1.066542
1915.58	0.5688334
1915.67	0.2486667
1915.75	0.1170833
1915.83	-5.8958333E-02
1915.92	-0.3170000
1916	-0.5287501
1916.08	-0.6020417
1916.17	-0.5826250
1916.25	-0.6352084
1916.33	-0.8247917
1916.42	-0.9106667
1916.5	-0.9301667
1916.58	-1.302542
1916.67	-1.208750
1916.75	-1.114375
1916.83	-1.212958
1916.92	-1.279917
1917	-1.413417
1917.08	-1.187125
1917.17	-1.308708
1917.25	-0.6171667
1917.33	-0.2916667
1917.42	0.1084167
1917.5	0.1105000
1917.58	-0.1784167
1917.67	-0.4289167
1917.75	-0.7699167
1917.83	-1.043167
1917.92	-1.098500
1918	-1.100208
1918.08	-0.7766250
1918.17	-0.2953333
1918.25	0.1034167
1918.33	0.5635417
1918.42	0.8410000
1918.5	1.063250
1918.58	1.173333
1918.67	1.415042
1918.75	1.760667
1918.83	1.932667
1918.92	1.797208
1919	1.730833
1919.08	1.558167
1919.17	1.312458
1919.25	1.159042
1919.33	0.8925417
1919.42	0.5998750
1919.5	0.3899584
1919.58	0.6140833
1919.67	0.5985417
1919.75	0.4863333
1919.83	0.5890000
1919.92	0.9495417
1920	1.106708
1920.08	1.144208
1920.17	0.9491251
1920.25	0.9648750
1920.33	1.019875
1920.42	0.7427500
1920.5	0.2820417
1920.58	0.1630000
1920.67	0.1423750
1920.75	-0.1117083
1920.83	-0.1441250
1920.92	-5.5499997E-02
1921	-0.1883750
1921.08	-0.5710417
1921.17	-1.287125
1921.25	-0.5607083
1921.33	-0.2544583
1921.42	-0.1210417
1921.5	-0.1094583
1921.58	-0.1855417
1921.67	-7.2791673E-02
1921.75	-8.7541670E-02
1921.83	-0.1747083
1921.92	-0.3365000
1922	-0.4250000
1922.08	0.2158334
1922.17	0.3493333
1922.25	0.2140000
1922.33	0.1818333
1922.42	-9.5083341E-02
1922.5	-0.6167084
1922.58	-1.315792
1922.67	-0.9475417
1922.75	-0.6440000
1922.83	-0.5449584
1922.92	-0.4859584
1923	-0.4077083
1923.08	-0.2070834
1923.17	2.1666668E-02
1923.25	0.3290834
1923.33	0.6767917
1923.42	0.7594167
1923.5	0.5658334
1923.58	0.8487917
1923.67	0.7702084
1923.75	0.5781251
1923.83	0.9457500
1923.92	1.034917
1924	0.7594167
1924.08	0.6881667
1924.17	0.6669584
1924.25	0.1530417
1924.33	-0.5044584
1924.42	-0.7379584
1924.5	-0.7727084
1924.58	-0.8528334
1924.67	-0.8373334
1924.75	-0.6697917
1924.83	-0.7983750
1924.92	-0.6910000
1925	-1.075708
1925.08	-0.4490834
1925.17	0.1318333
1925.25	0.4714167
1925.33	0.3150000
1925.42	0.5723750
1925.5	0.8339167
1925.58	0.9203750
1925.67	0.9043750
1925.75	0.8226250
1925.83	1.438417
1925.92	1.619417
1926	1.501083
1926.08	1.119333
1926.17	1.224417
1926.25	1.195833
1926.33	0.8802084
1926.42	0.5204583
1926.5	0.6054584
1926.58	0.3292917
1926.67	-0.1168750
1926.75	-0.1063333
1926.83	3.8041670E-02
1926.92	-5.7083350E-03
1927	-5.8333337E-02
1927.08	0.4952500
1927.17	0.1548333
1927.25	-9.4208337E-02
1927.33	0.1732500
1927.42	0.1268750
1927.5	-0.3045000
1927.58	-0.1492917
1927.67	0.1732083
1927.75	0.3796250
1927.83	0.3402500
1927.92	0.1767500
1928	-1.8541668E-02
1928.08	-5.0083335E-02
1928.17	-6.8750014E-03
1928.25	0.1599583
1928.33	0.4234167
1928.42	4.4166646E-03
1928.5	2.9791664E-02
1928.58	3.9375003E-02
1928.67	7.2374992E-02
1928.75	-0.1840000
1928.83	-0.2445417
1928.92	-0.1870833
1929	-0.2834584
1929.08	9.3500003E-02
1929.17	8.1500001E-02
1929.25	0.3543333
1929.33	0.3577917
1929.42	0.4117500
1929.5	0.3048334
1929.58	0.4515000
1929.67	0.5615833
1929.75	0.5313750
1929.83	0.7834167
1929.92	0.5436251
1930	0.1510833
1930.08	3.6666652E-03
1930.17	0.1930000
1930.25	0.6871667
1930.33	0.3783750
1930.42	0.4411667
1930.5	1.203583
1930.58	1.197708
1930.67	1.299667
1930.75	1.549375
1930.83	2.141167
1930.92	1.919750
1931	1.941167
1931.08	1.566542
1931.17	1.207333
1931.25	1.125583
1931.33	0.7150000
1931.42	0.2367500
1931.5	5.2499999E-03
1931.58	-0.3131250
1931.67	-0.6038750
1931.75	-0.6668751
1931.83	-0.6018750
1931.92	-0.4265417
1932	-0.2193334
1932.08	4.3583337E-02
1932.17	0.4449167
1932.25	0.5001251
1932.33	0.7008750
1932.42	0.5854167
1932.5	0.2077083
1932.58	-8.9750007E-02
1932.67	2.5875002E-02
1932.75	1.0749999E-02
1932.83	8.1208333E-02
1932.92	-0.1186250
1933	-0.2709167
1933.08	0.1508750
1933.17	0.1946250
1933.25	0.1936667
1933.33	-0.2933750
1933.42	-0.5236667
1933.5	-0.5617501
1933.58	-0.8795000
1933.67	-0.8390834
1933.75	-0.9021251
1933.83	-1.059958
1933.92	-0.8913334
1934	-0.4659583
1934.08	-0.4307917
1934.17	-0.5059584
1934.25	0.1855417
1934.33	0.1548750
1934.42	0.3228750
1934.5	0.1207083
1934.58	0.2136250
1934.67	0.1159583
1934.75	-0.1340833
1934.83	9.4125003E-02
1934.92	-0.2142917
1935	-0.5080417
1935.08	-0.5668750
1935.17	-0.3685000
1935.25	-0.2402500
1935.33	-0.2174167
1935.42	-0.1016250
1935.5	-0.1764583
1935.58	0.3512500
1935.67	0.2804584
1935.75	0.2941250
1935.83	0.1818750
1935.92	4.8250005E-02
1936	0.3097500
1936.08	0.3025417
1936.17	2.9625000E-02
1936.25	0.2170000
1936.33	0.1381250
1936.42	-0.2586250
1936.5	-0.1512083
1936.58	-8.2041658E-02
1936.67	9.8333359E-03
1936.75	0.4034167
1936.83	0.2052917
1936.92	0.1310000
1937	0.1172083
1937.08	0.1554583
1937.17	0.2308334
1937.25	0.4564167
1937.33	-0.1797500
1937.42	-0.3534167
1937.5	-0.2903750
1937.58	-0.4097084
1937.67	1.7625000E-02
1937.75	-0.2217083
1937.83	-0.2607500
1937.92	-0.3933333
1938	-0.4881667
1938.08	-0.4707500
1938.17	-0.4057083
1938.25	-0.3231250
1938.33	-0.4740833
1938.42	-0.8281251
1938.5	-1.143958
1938.58	-0.8866667
1938.67	-0.7235417
1938.75	-0.6121667
1938.83	-0.8842917
1938.92	-0.8051667
1939	-0.7681250
1939.08	-0.8232084
1939.17	-0.6046667
1939.25	-8.8916674E-02
1939.33	6.0333334E-02
1939.42	0.1411250
1939.5	8.7000005E-02
1939.58	0.2357917
1939.67	-5.4166716E-04
1939.75	-0.1009583
1939.83	0.2470417
1939.92	0.6147500
1940	0.9335834
1940.08	1.164458
1940.17	1.632750
1940.25	1.513167
1940.33	1.353583
1940.42	0.9368750
1940.5	0.7663333
1940.58	0.6572917
1940.67	0.5510833
1940.75	0.5604167
1940.83	0.9883750
1940.92	1.370958
1941	1.946417
1941.08	2.049917
1941.17	2.080167
1941.25	2.095625
1941.33	1.883542
1941.42	1.587375
1941.5	0.6562501
1941.58	0.4623333
1941.67	0.6121667
1941.75	0.9626251
1941.83	1.706500
1941.92	1.835417
1942	0.9143334
1942.08	0.3991667
1942.17	0.1945417
1942.25	0.2915833
1942.33	0.1094167
1942.42	-0.5429167
1942.5	-0.9152501
1942.58	-1.450417
1942.67	-1.467042
1942.75	-1.700417
1942.83	-1.704708
1942.92	-1.435208
1943	-1.313917
1943.08	-1.302083
1943.17	-0.8265833
1943.25	-0.3650833
1943.33	0.3725000
1943.42	0.3801667
1943.5	0.2681250
1943.58	1.8874999E-02
1943.67	-0.4376250
1943.75	-0.4134584
1943.83	-0.3527917
1943.92	-0.4010417
1944	-0.5440417
1944.08	0.1988333
1944.17	5.6666653E-03
1944.25	3.1125005E-02
1944.33	0.1789167
1944.42	0.3280000
1944.5	0.1750834
1944.58	6.7708336E-02
1944.67	-0.4274584
1944.75	-0.4665834
1944.83	-0.7762083
1944.92	-0.5870417
1945	-0.6265834
1945.08	-0.3135417
1945.17	-0.4321250
1945.25	-5.5083331E-02
1945.33	0.2042917
1945.42	5.8791671E-02
1945.5	-0.3722500
1945.58	-0.2225000
1945.67	-0.1917083
1945.75	-0.1660000
1945.83	-0.1162083
1945.92	4.4583336E-02
1946	-6.5458335E-02
1946.08	-0.2592917
1946.17	-0.4480000
1946.25	-0.3714167
1946.33	-0.1468333
1946.42	-0.3032500
1946.5	-0.2020000
1946.58	-1.166583
1946.67	-0.5346251
1946.75	-0.2429167
1946.83	1.2999999E-02
1946.92	-3.6041670E-02
1947	8.9333341E-02
1947.08	6.1666672E-03
1947.17	9.9500008E-02
1947.25	6.8000004E-02
1947.33	0.1443750
1947.42	0.1761250
1947.5	4.8125003E-02
1947.58	-0.2539167
1947.67	-0.4481250
1947.75	-0.4247083
1947.83	-0.3174167
1947.92	-0.1245417
1948	-0.1860000
1948.08	0.2616250
1948.17	0.4281250
1948.25	0.1349583
1948.33	0.1329167
1948.42	-3.9875001E-02
1948.5	-0.3564167
1948.58	-0.3035834
1948.67	-0.5197500
1948.75	-0.7922500
1948.83	-0.3370000
1948.92	-0.1490417
1949	-0.3777917
1949.08	0.1196250
1949.17	-0.4157500
1949.25	0.3707500
1949.33	0.2958333
1949.42	-0.4814167
1949.5	-0.8129584
1949.58	-0.6470417
1949.67	-0.9257084
1949.75	-1.084750
1949.83	-1.513708
1949.92	-1.293167
1950	-1.264958
1950.08	-1.398792
1950.17	-0.5907917
1950.25	-0.6573334
1950.33	-1.079458
1950.42	-0.5613750
1950.5	-0.4275833
1950.58	-0.3512084
1950.67	-0.9217501
1950.75	-0.6642917
1950.83	-0.6952500
1950.92	-0.4615000
1951	-0.2005417
1951.08	-0.1130000
1951.17	-8.0708340E-02
1951.25	0.1292500
1951.33	0.3492084
1951.42	0.6534584
1951.5	0.9438334
1951.58	0.9537084
1951.67	0.8770834
1951.75	0.9367084
1951.83	1.058167
1951.92	0.7833334
1952	0.6069583
1952.08	0.4378750
1952.17	0.2175417
1952.25	0.4243334
1952.33	0.1422917
1952.42	-0.2651250
1952.5	-0.4897917
1952.58	-0.2794583
1952.67	-0.1289583
1952.75	-7.4583337E-02
1952.83	-0.4577917
1952.92	-0.2292500
1953	0.1547500
1953.08	0.3727500
1953.17	0.2254584
1953.25	0.6130417
1953.33	0.4869584
1953.42	0.5982917
1953.5	0.4017500
1953.58	0.4223750
1953.67	1.030625
1953.75	0.5350000
1953.83	0.3735417
1953.92	0.4288750
1954	0.2042917
1954.08	-3.1291667E-02
1954.17	-0.1205417
1954.25	-0.7670000
1954.33	-0.7667500
1954.42	-0.6817917
1954.5	-0.7750834
1954.58	-0.7529167
1954.67	-0.9442918
1954.75	-0.8057501
1954.83	-0.5814584
1954.92	-0.8240417
1955	-0.4450417
1955.08	-0.3936250
1955.17	-0.3714584
1955.25	-0.4055000
1955.33	-0.9582501
1955.42	-0.8116667
1955.5	-0.5105417
1955.58	-0.5210417
1955.67	-0.9434167
1955.75	-1.259667
1955.83	-1.728250
1955.92	-1.362417
1956	-0.8777917
1956.08	-0.2967500
1956.17	-0.3358750
1956.25	-0.3919167
1956.33	-0.2565417
1956.42	-0.3122500
1956.5	-0.3865417
1956.58	-0.4590000
1956.67	-0.5269583
1956.75	-0.6112500
1956.83	-0.9212084
1956.92	-0.5896667
1957	-0.5488750
1957.08	0.1341250
1957.17	0.5798751
1957.25	0.6876667
1957.33	0.7767917
1957.42	0.9380417
1957.5	1.171750
1957.58	1.394250
1957.67	0.8230417
1957.75	0.8654584
1957.83	1.295542
1957.92	1.245750
1958	1.454958
1958.08	1.122625
1958.17	0.6045001
1958.25	0.3869167
1958.33	0.5602916
1958.42	0.3310834
1958.5	0.2275833
1958.58	0.1564583
1958.67	-1.7916639E-03
1958.75	-2.1416668E-02
1958.83	0.1468333
1958.92	0.1662917
1959	-1.0083335E-02
1959.08	-2.8083334E-02
1959.17	-0.1025000
1959.25	0.3557083
1959.33	0.3619167
1959.42	-4.2000003E-02
1959.5	-0.3919584
1959.58	-0.5303334
1959.67	-0.2558750
1959.75	5.0375003E-02
1959.83	-4.3750014E-03
1959.92	-3.9875001E-02
1960	6.5375000E-02
1960.08	-0.1235000
1960.17	0.2257917
1960.25	5.6375004E-02
1960.33	-3.9416671E-02
1960.42	-0.2891250
1960.5	-0.1787500
1960.58	0.1907917
1960.67	0.1380417
1960.75	-0.5229583
1960.83	-0.4422917
1960.92	-0.3513333
1961	-0.3457500
1961.08	0.1231667
1961.17	2.7375001E-02
1961.25	0.5303333
1961.33	0.3475417
1961.42	0.6330834
1961.5	-0.2915834
1961.58	-0.6474167
1961.67	-0.9690000
1961.75	-0.6770417
1961.83	-0.2874167
1961.92	-8.9416675E-02
1962	-0.2354583
1962.08	-8.3666667E-02
1962.17	-0.4315417
1962.25	-0.6563751
1962.33	-0.4654167
1962.42	-0.2419167
1962.5	-0.1547083
1962.58	-7.8333341E-02
1962.67	-0.4087084
1962.75	-0.4275417
1962.83	-0.6003750
1962.92	-0.7388334
1963	-0.4727083
1963.08	-0.3284583
1963.17	5.9791666E-02
1963.25	0.2882083
1963.33	0.4530833
1963.42	0.5908334
1963.5	0.9572917
1963.58	1.027917
1963.67	0.9019167
1963.75	1.025583
1963.83	0.8132917
1963.92	1.148458
1964	0.5010417
1964.08	0.1721667
1964.17	-0.3676667
1964.25	-0.6572500
1964.33	-1.065667
1964.42	-1.141208
1964.5	-0.8432084
1964.58	-1.017333
1964.67	-0.8000417
1964.75	-0.6323751
1964.83	-0.8176250
1964.92	-1.117750
1965	-0.6389583
1965.08	-0.1990833
1965.17	-0.1632083
1965.25	0.2124167
1965.33	0.9646251
1965.42	0.9247500
1965.5	1.028125
1965.58	1.262000
1965.67	1.471042
1965.75	1.460250
1965.83	1.617833
1965.92	1.512708
1966	1.333667
1966.08	0.7800834
1966.17	0.2234583
1966.25	0.2398333
1966.33	-0.4439167
1966.42	2.5416670E-02
1966.5	0.2542084
1966.58	-0.1462917
1966.67	-0.2501250
1966.75	-0.1090417
1966.83	-0.3313333
1966.92	-0.4881667
1967	-0.2909583
1967.08	-9.5416673E-02
1967.17	-0.2873333
1967.25	-0.5887083
1967.33	-0.2104584
1967.42	0.1040417
1967.5	-0.2443333
1967.58	-0.7592917
1967.67	-0.9951667
1967.75	-0.9199584
1967.83	-0.9175001
1967.92	-0.8711250
1968	-1.018083
1968.08	-1.241583
1968.17	-1.086333
1968.25	-0.6218334
1968.33	-0.5748333
1968.42	9.3333334E-02
1968.5	0.5954583
1968.58	0.4332917
1968.67	0.3615417
1968.75	0.3002500
1968.83	0.5622500
1968.92	0.6919167
1969	0.9538750
1969.08	0.5150834
1969.17	0.5282500
1969.25	0.5159167
1969.33	1.127500
1969.42	0.9589584
1969.5	0.4381667
1969.58	0.5562917
1969.67	1.054083
1969.75	1.008292
1969.83	1.065292
1969.92	1.118542
1970	1.108375
1970.08	0.6450834
1970.17	0.3089584
1970.25	0.2453750
1970.33	-0.2194584
1970.42	-0.7600001
1970.5	-1.693625
1970.58	-1.713375
1970.67	-1.241958
1970.75	-1.112875
1970.83	-1.270458
1970.92	-1.647375
1971	-1.530500
1971.08	-1.316417
1971.17	-1.174458
1971.25	-0.4642500
1971.33	-0.6747917
1971.42	-0.5715000
1971.5	-0.3730000
1971.58	-0.6012917
1971.67	-0.5732501
1971.75	-0.7826250
1971.83	-0.8493334
1971.92	-0.9325417
1972	-0.3342500
1972.08	-0.1992917
1972.17	-2.6458334E-02
1972.25	0.4203333
1972.33	0.8338751
1972.42	1.061708
1972.5	1.456083
1972.58	1.941125
1972.67	1.839542
1972.75	2.044333
1972.83	2.290125
1972.92	2.321167
1973	1.636292
1973.08	1.265500
1973.17	0.7856250
1973.25	0.1032083
1973.33	-0.8864584
1973.42	-0.9628751
1973.5	-1.038542
1973.58	-1.399625
1973.67	-1.241917
1973.75	-1.424875
1973.83	-1.562292
1973.92	-1.525208
1974	-1.394792
1974.08	-1.156375
1974.17	-0.4418750
1974.25	-0.2852083
1974.33	0.1253333
1974.42	0.2641667
1974.5	-9.0708330E-02
1974.58	7.8291677E-02
1974.67	-0.2987083
1974.75	-0.2244584
1974.83	-0.5502500
1974.92	-0.4072917
1975	-0.1984583
1975.08	-0.3962917
1975.17	-0.4005000
1975.25	-4.3125000E-02
1975.33	-0.4488333
1975.42	-0.8572917
1975.5	-0.8129584
1975.58	-0.5033750
1975.67	-0.8416667
1975.75	-1.100583
1975.83	-1.127542
1975.92	-1.465000
1976	-1.739667
1976.08	-1.040500
1976.17	-0.2500834
1976.25	-5.1666666E-02
1976.33	0.1636667
1976.42	0.7459584
1976.5	0.6729584
1976.58	1.182292
1976.67	1.214958
1976.75	1.315208
1976.83	1.123917
1976.92	1.025167
1977	1.211042
1977.08	0.6994584
1977.17	0.5836250
1977.25	-0.2445417
1977.33	0.3098750
1977.42	0.3282500
1977.5	9.0666674E-02
1977.58	-0.3710417
1977.67	-5.4500002E-02
1977.75	0.3922500
1977.83	0.6213334
1977.92	0.4562083
1978	0.5896667
1978.08	0.2877083
1978.17	5.0124999E-02
1978.25	-0.4830833
1978.33	-0.2818334
1978.42	-0.6512501
1978.5	-0.6697084
1978.58	-0.7621251
1978.67	-0.5003334
1978.75	-0.3282500
1978.83	-4.4791669E-02
1978.92	0.2444167
1979	-0.1144167
1979.08	5.7500014E-03
1979.17	0.2442917
1979.25	0.4585834
1979.33	0.5518333
1979.42	0.4878334
1979.5	9.8583341E-02
1979.58	0.5158750
1979.67	1.070250
1979.75	0.5534167
1979.83	0.3419167
1979.92	0.5520417
1980	0.4616667
1980.08	0.2633334
1980.17	0.1430833
1980.25	0.2943750
1980.33	0.3908750
1980.42	0.5747917
1980.5	1.2124998E-02
1980.58	-7.8000002E-02
1980.67	-0.1484583
1980.75	-0.3381667
1980.83	0.1805000
1980.92	0.4969167
1981	-0.5247084
1981.08	-0.6013334
1981.17	-0.2345833
1981.25	-0.5125417
1981.33	-3.4958337E-02
1981.42	8.3333347E-03
1981.5	-0.3842917
1981.58	-0.6066667
1981.67	-7.8625001E-02
1981.75	5.5041667E-02
1981.83	-0.1394436
1981.92	0.2456790
1982	0.4787224
1982.08	0.1933715
1982.17	4.9264032E-02
1982.25	0.4472539
1982.33	1.045563
1982.42	1.211087
1982.5	0.8999302
1982.58	1.261593
1982.67	1.899197
1982.75	2.359880
1982.83	2.720195
1982.92	3.343411
1983	3.443757
1983.08	2.879160
1983.17	2.217402
1983.25	1.970927
1983.33	2.329366
1983.42	2.062147
1983.5	1.356797
1983.58	1.187653
1983.67	0.7677793
1983.75	7.1114160E-02
1983.83	-0.2986768
1983.92	-0.2742858
1984	-0.4900808
1984.08	-9.3203679E-02
1984.17	0.1046514
1984.25	9.7652987E-02
1984.33	-0.1839782
1984.42	-0.6828744
1984.5	-0.4949481
1984.58	-0.3552837
1984.67	-0.1610741
1984.75	-0.5522128
1984.83	-0.5852469
1984.92	-1.072721
1985	-0.7977945
1985.08	-0.9878023
1985.17	-0.6982444
1985.25	-0.4904598
1985.33	-0.4573462
1985.42	-0.6342896
1985.5	-0.6949093
1985.58	-0.6211753
1985.67	-0.5324952
1985.75	-0.5369645
1985.83	-0.5141952
1985.92	-0.5429232
1986	-0.6772506
1986.08	-0.4032578
1986.17	-0.1076584
1986.25	-1.5625795E-02
1986.33	3.6354978E-02
1986.42	5.8384735E-02
1986.5	0.1436919
1986.58	0.2002011
1986.67	0.7306641
1986.75	0.8307792
1986.83	1.112880
1986.92	1.032658
1987	1.206627
1987.08	1.236719
1987.17	1.319378
1987.25	1.291177
1987.33	1.465812
1987.42	1.450272
1987.5	1.562424
1987.58	1.671488
1987.67	1.973287
1987.75	1.563092
1987.83	1.410939
1987.92	1.312021
1988	0.7701390
1988.08	0.4307343
1988.17	0.3418088
1988.25	-0.2554331
1988.33	-0.9647219
1988.42	-1.567755
1988.5	-1.692774
1988.58	-1.452004
1988.67	-0.8992996
1988.75	-1.339106
1988.83	-1.521344
1988.92	-1.566840
1989	-1.299349
1989.08	-0.6468049
1989.17	-0.8288125
1989.25	-0.4289884
1989.33	-0.1921278
1989.42	-9.1809563E-02
1989.5	-0.1366590
1989.58	-0.2793966
1989.67	-0.1443113
1989.75	-0.1283587
1989.83	-0.1327569
1989.92	-0.1622639
1990	-0.1544882
1990.08	0.1561754
1990.17	0.1196446
1990.25	0.4925371
1990.33	0.6210604
1990.42	0.3083963
1990.5	2.9720167E-02
1990.58	0.1911423
1990.67	0.3149866
1990.75	0.1848168
1990.83	9.7667642E-02
1990.92	0.2242653
1991	0.2793717
1991.08	0.1684127
1991.17	0.2148169
1991.25	0.2318955
1991.33	0.9249370
1991.42	1.198770
1991.5	1.076829
1991.58	0.6549006
1991.67	0.4541135
1991.75	0.9030719
1991.83	1.287249
1991.92	1.559261
1992	1.562361
1992.08	1.454479
1992.17	1.367549
1992.25	1.581219
1992.33	1.656618
1992.42	0.7269766
1992.5	0.2436432
1992.58	-2.3825595E-02
1992.67	-1.7980186E-02
1992.75	-4.0174477E-02
1992.83	-7.9594171E-03
1992.92	4.9429875E-02
1993	3.3455979E-02
1993.08	0.3503805
1993.17	0.5832611
1993.25	1.173008
1993.33	1.403829
1993.42	0.8243058
1993.5	0.3868412
1993.58	0.2405857
1993.67	0.4521553
1993.75	0.5291239
1993.83	0.3899363
1993.92	0.4125022
1994	0.2741834
1994.08	-8.7564394E-02
1994.17	2.4894834E-03
1994.25	-6.8991773E-02
1994.33	0.3881823
1994.42	0.3140596
1994.5	-0.2006510
1994.58	-0.1455645
1994.67	0.2675676
1994.75	0.7593633
1994.83	1.045656
1994.92	1.129236
1995	0.9379230
1995.08	0.6835793
1995.17	0.2343409
1995.25	1.4058105E-02
1995.33	-0.1218222
1995.42	1.1198606E-02
1995.5	-5.4928906E-02
1995.58	-0.3730626
1995.67	-0.4147711
1995.75	-0.5710534
1995.83	-0.7022923
1995.92	-0.6446774
1996	-0.5400862
1996.08	-0.4814011
1996.17	-0.1030336
1996.25	-0.3715828
1996.33	-0.3292112
1996.42	-0.2382723
1996.5	-0.1316241
1996.58	-0.1635223
1996.67	-0.1646935
1996.75	-0.2054505
1996.83	-0.2535642
1996.92	-0.6168354
1997	-0.6102584
1997.08	-0.3035810
1997.17	0.1707174
1997.25	0.5996162
1997.33	1.449097
1997.42	1.983257
1997.5	2.408996
1997.58	2.915967
1997.67	3.122397
1997.75	3.308315
1997.83	3.547784
1997.92	3.724903
1998	3.430360
1998.08	2.761615
1998.17	2.229913
1998.25	1.896097
1998.33	1.568013
1998.42	0.1962749
1998.5	-2.2825558E-02
1998.58	7.9480097E-02
1998.67	-0.1270769
1998.75	-0.4242516
1998.83	-0.4510868
1998.92	-0.7682984
1999	-0.8359101
1999.08	-0.5222874
1999.17	-0.1487616
1999.25	-0.4309283
1999.33	-8.4772326E-02
1999.42	-0.3957591
1999.5	-0.4942223
1999.58	-0.6333401
1999.67	-0.7109451
1999.75	-0.8085802
1999.83	-1.138787
1999.92	-1.251376
2000	-1.432551
2000.08	-0.9236800
2000.17	-0.4545587
2000.25	6.0650181E-02
2000.33	2.8873539E-02
2000.42	-0.4213194
2000.5	-0.5376410
2000.58	-0.5081417
2000.67	-0.2256393
2000.75	-0.2572685
2000.83	-0.5338784
2000.92	-0.3640887
2001	-0.3958249
2001.08	-0.1825460
2001.17	0.2835068
2001.25	0.3611216
2001.33	0.2217147
2001.42	0.1750913
2001.5	-3.8524158E-02
2001.58	-0.1522177
2001.67	-0.2743973
2001.75	-0.2661760
2001.83	-0.4197773
2001.92	-0.2828763
2002	-0.2653425
2002.08	1.5816124E-02
2002.17	0.2507458
2002.25	0.3834586
2002.33	0.6018103
2002.42	0.8766004
2002.5	0.5632150
2002.58	0.5706242
2002.67	0.9055965
2002.75	1.162790
2002.83	1.528841
2002.92	1.504215
2003	0.9409430
2003.08	0.5549844
2003.17	0.4025691
2003.25	2.7933730E-02
2003.33	-0.3888510
2003.42	-0.2685696
2003.5	0.1682665
2003.58	0.2384973
2003.67	0.4114488
2003.75	0.5927562
2003.83	0.6641306
2003.92	0.6043244
2004	0.5275356
2004.08	0.3042323
2004.17	0.2535216
2004.25	0.2443099
2004.33	0.1838513
2004.42	0.1574903
2004.5	-7.9857349E-02
2004.58	0.1202793
2004.67	0.4905109
2004.75	0.5794514
2004.83	0.7340098
2004.92	0.8187876
